kegg_pathways	SRR317085	SRR317086	SRR317087	SRR317088	SRR317089	SRR317090	SRR317091	SRR317092	SRR317093	SRR317094	SRR317095	SRR317096	SRR317097	SRR317098	SRR317099	SRR317100	SRR317101	SRR317102	SRR317103	SRR317104	SRR317105	SRR317106	SRR317107	SRR317108	SRR317109
ko00010: Glycolysis / Gluconeogenesis	0.0162562	0.0036489	0.00162868	0.000315042	0.00493582	0.00603893	0.00709174	0.00669395	0.000819605	0.00344553	0.00369307	0.00402582	0.00360771	0.0045078	0.000228745	0.00509939	0.00493122	0.00396622	0.00394741	0.00656904	0.00570948	0.00931603	0.00435378	0.00588917	0.00607407
ko00020: Citrate cycle (TCA cycle)	0.0118179	0.00471295	0.00195511	0.000410348	0.00534709	0.00642841	0.00984892	0.00796546	0.00102599	0.00486978	0.00565471	0.00435068	0.00482253	0.0052081	0.00027367	0.00623702	0.00580628	0.0055272	0.0053718	0.00535218	0.00588789	0.00986528	0.00395459	0.00665467	0.00684862
ko00030: Pentose phosphate pathway	0.0172453	0.00413106	0.00158064	0.000266656	0.00439373	0.00581769	0.00807521	0.00753083	0.000762404	0.00284551	0.00414133	0.00444633	0.00329358	0.00636517	0.000281446	0.00606692	0.00471504	0.00559956	0.00496848	0.00788195	0.00795682	0.0133931	0.00477058	0.00737239	0.00670807
ko00040: Pentose and glucuronate interconversions	0.00583793	0.00242896	0.0011218	0.000248778	0.00317824	0.00558422	0.00462838	0.00479883	0.000653158	0.00339713	0.00328718	0.00253895	0.00270737	0.00288578	0.000132849	0.00269992	0.00303287	0.00172062	0.00152604	0.0020337	0.00280007	0.00433431	0.00159675	0.00272698	0.00199043
ko00051: Fructose and mannose metabolism	0.0121791	0.00336538	0.00118205	0.00017877	0.00390959	0.00538495	0.00670413	0.00553959	0.000716145	0.00271708	0.00357068	0.00258825	0.00244869	0.00410349	0.00021294	0.00422616	0.00393374	0.00373338	0.00277224	0.005572	0.00505263	0.00860385	0.0037033	0.00448154	0.00623453
ko00052: Galactose metabolism	0.0100697	0.00151428	0.000694091	0.000206208	0.00223207	0.00283096	0.00409589	0.00316536	0.000386048	0.00161789	0.00182902	0.00173862	0.00211464	0.00223682	0.000107449	0.00242382	0.00200369	0.00159464	0.0017833	0.00190333	0.00297031	0.0032263	0.00175332	0.00240489	0.00217833
ko00053: Ascorbate and aldarate metabolism	0.000365257	0.00126557	0.000661253	0.000160024	0.00200181	0.00385056	0.00330365	0.00194481	0.000325166	0.00274428	0.00254501	0.00134886	0.00152393	0.00133448	0.000110623	0.000842572	0.00137774	0.000997121	0.000890738	0.00147714	0.000957666	0.00217342	0.00104944	0.00129101	0.00128872
ko00061: Fatty acid biosynthesis	0.0275571	0.00169877	0.00125329	0.000200254	0.00365252	0.00286309	0.00588104	0.00439139	0.000402148	0.000960906	0.00227475	0.00168528	0.00199314	0.00140608	0.000242679	0.00210096	0.00280113	0.00263004	0.00180899	0.00350747	0.00223376	0.00541084	0.00319222	0.00269254	0.0024082
ko00062: Fatty acid elongation in mitochondria	0	0.00369958	0.00231676	0.000295241	0.00557569	0.00871324	0.00506756	0.00512568	0.001029	0.00654951	0.00664314	0.00411644	0.00530745	0.00630664	0.000107729	0.00544561	0.00503559	0.0032698	0.00412465	0.00351421	0.018528	0.006473	0.00296953	0.00361602	0.00392052
ko00071: Fatty acid metabolism	0.00569904	0.00392762	0.00201399	0.000326644	0.00510381	0.00781958	0.00699402	0.00578253	0.00104858	0.00526787	0.00535846	0.00530676	0.0047226	0.00351524	0.000213636	0.0038554	0.00448275	0.00293834	0.00354355	0.00348564	0.00671861	0.00643777	0.00270277	0.00435809	0.00353802
ko00072: Synthesis and degradation of ketone bodies	0.0133256	0.00567724	0.00282187	0.000445582	0.00840635	0.00930269	0.0101049	0.00864315	0.0019004	0.00934471	0.0104021	0.00547746	0.00562426	0.00387806	0.000246945	0.00376308	0.00352087	0.0037221	0.00495992	0.00586978	0.0062266	0.0113883	0.00443782	0.00469592	0.00451922
ko00100: Steroid biosynthesis	1.24519e-05	0.0021441	0.000501043	0.000156603	0.00221569	0.00285482	0.00289706	0.00223622	0.000302537	0.00268329	0.00153508	0.00176565	0.00207083	0.00335039	3.11421e-05	0.00468759	0.00285919	0.00276386	0.00485958	0.00285049	0.00271491	0.00378229	0.00107977	0.004434	0.00550573
ko00120: Primary bile acid biosynthesis	0	0.00172902	0.000908448	0.000228233	0.00225666	0.00391726	0	0.00229262	0.000572352	0.00282988	0.00182773	0.00261927	0.00220736	0.00274882	0	0.00372492	0.0035032	0.00246927	0.00179436	0.00173776	0.00222682	0.000468466	0.00166426	0.00264604	0.00215147
ko00130: Ubiquinone and other terpenoid-quinone biosynthesis	0.00561236	0.00125756	0.00059043	8.75585e-05	0.000944335	0.00155415	0.00293035	0.00324802	0.000175786	0.000891005	0.00134037	0.00129301	0.00112581	0.000851851	0.000186554	0.000760504	0.00187653	0.000897309	0.000720908	0.00239709	0.00154375	0.00384479	0.00087062	0.00138069	0.00136568
ko00140: Steroid hormone biosynthesis	6.1101e-05	0.00091162	0.000605952	7.0738e-05	0.00192959	0.00345638	0.000953339	0.00155247	0.000336407	0.00212879	0.0016763	0.00128739	0.00182176	0.000940618	5.22681e-05	0.00125372	0.0012155	0.00133632	0.000853252	0.000882748	0.00116197	0.000719087	0.000973628	0.0015999	0.00151287
ko00190: Oxidative phosphorylation	0.00694898	0.0108858	0.00383604	0.000626481	0.00766174	0.0133237	0.0148045	0.0104025	0.00252523	0.00824445	0.010072	0.00976903	0.00847585	0.0119305	0.000309605	0.00996458	0.0120254	0.00793319	0.00882361	0.0104224	0.0119326	0.0144591	0.00557369	0.01226	0.0127035
ko00195: Photosynthesis	1.86063e-06	0	7.03275e-05	9.58707e-07	1.18842e-06	3.57618e-05	3.65025e-05	1.00148e-05	4.42326e-06	6.70341e-06	2.57117e-05	2.9822e-05	4.80911e-08	3.4436e-05	2.32968e-05	2.23811e-05	1.72463e-05	0.000417501	1.26524e-05	0.000560529	3.67726e-05	0.000512956	7.36652e-06	4.96559e-06	0.000285124
ko00196: Photosynthesis - antenna proteins	0	0	0	0	7.30542e-07	0	0	5.12582e-07	0	0	0	0	0	0	0	0	0	0	0	0	0	0	2.68429e-08	0	0
ko00230: Purine metabolism	0.0100722	0.00286613	0.00112465	0.000226389	0.00309343	0.00371646	0.00568419	0.00444211	0.00051654	0.00200148	0.00252626	0.0029366	0.00248392	0.00297953	0.000202415	0.00406928	0.00377867	0.00309179	0.00304003	0.00405563	0.00466441	0.00683021	0.00246699	0.00374432	0.00401736
ko00232: Caffeine metabolism	0	0.000295977	0	0	0	0.000972964	0	0.000400166	0	0.000574835	0	0.000213692	0.000328936	0	0	0.00042779	0	0	0	0	0	0.00024593	0	0	0
ko00240: Pyrimidine metabolism	0.0137329	0.00304952	0.00113695	0.000258498	0.00353994	0.00431503	0.00626	0.00480316	0.000605345	0.00217661	0.00271273	0.00306222	0.00270235	0.00352487	0.00024385	0.00457266	0.00469245	0.00348682	0.00329234	0.00493452	0.00567999	0.00783247	0.00329159	0.00431715	0.00466716
ko00250: Alanine, aspartate and glutamate metabolism	0.0167709	0.0030441	0.0012482	0.000249552	0.00293694	0.00413266	0.00663777	0.00578717	0.000662983	0.00228993	0.00331099	0.00306129	0.00301885	0.00357846	0.000235384	0.00393102	0.00352691	0.00399731	0.00259026	0.0032021	0.0041427	0.00718607	0.00298622	0.00384239	0.00370959
ko00253: Tetracycline biosynthesis	1.31283e-08	0	0	0	0	0	0	2.2374e-05	0	0	0	0	0	0	0	0	0	3.46202e-05	0	0	0	0	0	0	0
ko00260: Glycine, serine and threonine metabolism	0.00675796	0.00250527	0.00101614	0.000190119	0.00245476	0.00309107	0.00610994	0.00447917	0.000460169	0.00200182	0.00294995	0.00281289	0.00224755	0.0026892	0.000226585	0.00257537	0.00280978	0.00233728	0.00172554	0.00270365	0.00298968	0.00594931	0.00273079	0.00325299	0.0028592
ko00270: Cysteine and methionine metabolism	0.00974491	0.00224075	0.000852909	0.000178057	0.00230223	0.00283372	0.00555692	0.00471072	0.000413133	0.00160323	0.00249016	0.00244818	0.00201569	0.00221696	0.000188823	0.00227317	0.00330986	0.00231278	0.00194856	0.00246336	0.00298759	0.00497486	0.00202188	0.00345764	0.00223311
ko00280: Valine, leucine and isoleucine degradation	0.0045403	0.00406749	0.00195661	0.000345654	0.00430274	0.00706956	0.00837338	0.00572508	0.000992734	0.00505153	0.00604441	0.00446238	0.00461551	0.00498246	0.000259014	0.00506894	0.00546569	0.00308288	0.00408031	0.0043208	0.00693476	0.00814189	0.003079	0.00433278	0.00461082
ko00281: Geraniol degradation	0.000122458	0.000598828	0.00049674	6.12858e-05	0.000992543	0.000935456	0.00351665	0.0011796	0.000339188	0.00150149	0.000869775	0.00109117	0.00113671	0.000392114	9.3733e-05	0.00133794	0.000613453	0.000566938	0.000936931	0.000464164	0.00241708	0.00214559	0.000342116	0.000921311	0.00152532
ko00290: Valine, leucine and isoleucine biosynthesis	0.0194686	0.00351722	0.00154797	0.000283225	0.00324569	0.00440129	0.00803765	0.00681155	0.000755304	0.00224755	0.00372223	0.00294057	0.0026324	0.00411253	0.000336068	0.00360627	0.00545609	0.00383721	0.00292156	0.00471302	0.00423521	0.00975072	0.00283709	0.00475971	0.00521663
ko00300: Lysine biosynthesis	0.00490929	0.00141023	0.000521732	0.000135225	0.00185276	0.00168613	0.00397291	0.00371459	0.000289334	0.000475618	0.00174737	0.00232313	0.00116523	0.00165167	0.000142796	0.00170755	0.00198327	0.00169294	0.000830686	0.00168209	0.00154892	0.00499527	0.00149987	0.00211129	0.00158996
ko00310: Lysine degradation	0.0070893	0.00192351	0.000946889	0.000198889	0.00249496	0.00385817	0.0045942	0.00318214	0.000491718	0.00262167	0.00301214	0.00254169	0.00243829	0.00323774	0.000140792	0.00339556	0.00270095	0.00240814	0.00267407	0.0033845	0.0040913	0.004242	0.00222822	0.00361594	0.00317401
ko00311: Penicillin and cephalosporin biosynthesis	4.88761e-08	9.73063e-05	4.12492e-05	1.30086e-05	0.000102182	0.000419437	0.000645759	0.000173542	3.25249e-05	5.73458e-05	0.000269545	0.000299709	0.000144423	0.000120201	1.98524e-05	0.000144299	0.000137144	0.000148117	0.000134927	0.000154141	0.000220536	0.00051703	3.02602e-05	0.000119601	7.96528e-05
ko00312: beta-Lactam resistance	7.11111e-06	0	0	0	0	0.000183982	0	0.00191508	0	0	0	0	0	0	0	0	0	0	0	0	0	0	0	5.40673e-06	0
ko00330: Arginine and proline metabolism	0.00471859	0.00254694	0.00112571	0.000208516	0.00239168	0.00434113	0.00687266	0.00462724	0.000595309	0.00228716	0.00301361	0.00306441	0.00252495	0.00297068	0.000220994	0.00300826	0.00362778	0.00309018	0.00219742	0.00326438	0.00369724	0.00676718	0.00210732	0.00317769	0.00353789
ko00331: Clavulanic acid biosynthesis	0	0	0	0	0	0	4.76108e-05	0	0	0	0	0	0	0	0	0	0	0	0	0	0	0	0	0	0
ko00340: Histidine metabolism	0.00988012	0.00330925	0.00118696	0.000273523	0.00314527	0.00451347	0.00760523	0.00528688	0.0006106	0.00288029	0.00386601	0.00389445	0.00334331	0.0032408	0.000242221	0.00328082	0.00371506	0.00333266	0.00289167	0.00326275	0.00318504	0.00728539	0.00239014	0.00332224	0.0028937
ko00350: Tyrosine metabolism	0.00465072	0.00276044	0.00122339	0.0001761	0.00267841	0.00462221	0.00612176	0.00420808	0.000594579	0.00244567	0.00362719	0.00338573	0.00270181	0.00253679	0.000175477	0.00388501	0.00352221	0.00316398	0.00314978	0.00344811	0.00378286	0.00648693	0.00161508	0.00368048	0.00427987
ko00360: Phenylalanine metabolism	0.0022669	0.0020377	0.000695052	0.000136177	0.00190436	0.00255979	0.00446872	0.00233163	0.000344402	0.00157851	0.00254048	0.00204985	0.00157144	0.00177119	0.000125808	0.00317614	0.00254053	0.00208734	0.00256381	0.00279644	0.00283311	0.00413783	0.0013553	0.00283962	0.00366971
ko00361: Chlorocyclohexane and chlorobenzene degradation	5.57261e-08	0	0	9.4965e-05	0.00104851	0.00149504	0.00167475	2.17412e-06	0	0.00129419	0.00115854	0.000722541	0.000913486	0	7.0338e-06	0	0.000120537	0	0	0	0.000477322	0.00065432	0.000425846	0	0.00160212
ko00362: Benzoate degradation	0.00609584	0.000440331	0.00010124	2.5459e-05	0.000266295	0.000466168	0.00148929	0.000697214	0.000125636	0.000129681	0.00042076	0.000391783	0.000341393	0.00024923	5.396e-05	0.000419828	0.000450374	0.00033018	0.000296785	0.000533798	0.000296568	0.00138414	0.000216964	0.000704938	0.000385749
ko00363: Bisphenol degradation	0.0132388	0.000169721	0	5.63688e-06	1.42012e-05	0	0	7.09324e-06	0	0.00010349	0.000205072	2.08257e-05	7.31186e-05	0	0	0	0.000116785	0	0	4.90252e-05	6.99781e-05	0	0	0.000268463	0
ko00364: Fluorobenzoate degradation	0	0.000136219	0	0	3.28864e-05	3.82131e-05	0	5.8918e-05	0	1.30404e-05	0	5.35378e-05	0	9.00001e-05	0	0	0	3.509e-05	3.4164e-05	0	0	0.000263481	3.33493e-05	2.51291e-06	0
ko00380: Tryptophan metabolism	0.00443179	0.00251837	0.00117629	0.000226581	0.00297029	0.00476675	0.00541575	0.00364753	0.00058338	0.00312332	0.00362889	0.00310153	0.00290318	0.00253393	0.000157129	0.00295704	0.00311357	0.00262372	0.00263409	0.00258885	0.00317988	0.00429639	0.0017869	0.00332752	0.00289371
ko00400: Phenylalanine, tyrosine and tryptophan biosynthesis	0.00725242	0.00166776	0.000599656	7.9322e-05	0.0012606	0.00125532	0.00372455	0.00314368	0.000262285	0.000522644	0.00157813	0.00172219	0.00114137	0.00106944	0.000140051	0.00124047	0.00138081	0.0014222	0.000745522	0.00143754	0.00100547	0.00342402	0.000862158	0.00127404	0.00147225
ko00402: Benzoxazinoid biosynthesis	0	0	0	0	0	0	0	0	1.20685e-07	0	0	0	0	0	0	0	0	0	0	0	0	0	0	0	0
ko00410: beta-Alanine metabolism	0.00159986	0.00217545	0.00126511	0.000216572	0.00287909	0.00477904	0.00638494	0.00484274	0.000558686	0.0023427	0.00325727	0.00352505	0.00275713	0.00291125	0.000301202	0.00331164	0.00432763	0.00227954	0.00266553	0.00418423	0.00427268	0.0049755	0.00248463	0.00427737	0.00289102
ko00430: Taurine and hypotaurine metabolism	0.0140271	0.000968282	0.000331935	5.92148e-05	0.00162162	0.00159955	0.00229801	0.00256554	0.000177623	0.000263434	0.000759257	0.000924342	0.00104333	0.000584609	9.96669e-05	0.00100412	0.000957747	0.000796376	0.00044205	0.000741353	0.000889863	0.00202489	0.00181149	0.00142692	0.000935282
ko00440: Phosphonate and phosphinate metabolism	2.4848e-05	0.00079145	3.881e-05	1.83356e-05	0.000165346	0.00065267	0.00167154	0.000908524	8.95806e-05	0.000379423	0.00056241	0.00105099	0.000570453	0.000889359	4.37875e-05	0.000687152	0.00102097	0.000583381	0.000559839	0.000498677	0.00021065	0.00167893	0.000187292	0.000789333	0.000704122
ko00450: Selenocompound metabolism	0.0154839	0.00325044	0.00113645	0.000202675	0.00321579	0.00375263	0.00682284	0.00564773	0.000541478	0.0023454	0.00357296	0.00290165	0.0025813	0.00312251	0.000196249	0.00282145	0.0038432	0.00284277	0.0026073	0.00331149	0.00366323	0.00704195	0.00204475	0.00348704	0.00353956
ko00460: Cyanoamino acid metabolism	0.00446693	0.000946875	0.000352552	4.83885e-05	0.000802808	0.00131539	0.00290206	0.0013884	0.000168984	0.00071494	0.00127952	0.00105305	0.000747063	0.00109327	9.91469e-05	0.000783082	0.00123291	0.00099602	0.00113642	0.00143083	0.00166231	0.00359385	0.00145958	0.00112242	0.0014487
ko00471: D-Glutamine and D-glutamate metabolism	0.0329026	0.00206482	0.000521146	0.000302718	0.00198162	0.00212035	0.00522895	0.00453923	0.000464939	0.00215481	0.00366059	0.00198007	0.0019626	0.00326135	0.000153983	0.00196912	0.0030645	0.00243947	0.00210401	0.00450913	0.0054354	0.00619952	0.00210128	0.00381064	0.00245612
ko00473: D-Alanine metabolism	0.0232955	0.000614588	0.000189753	3.6344e-05	0.000426872	0.000748956	0.000584228	0.00204861	0.000130927	0.00018031	0.000425871	0.000340904	0.000426652	0.000376852	3.29231e-05	0	0	0.000792329	0	0.00125239	0.000405394	0.000811156	0.000407948	0.000251069	0.000284879
ko00480: Glutathione metabolism	0.00768631	0.00672363	0.00221627	0.000381584	0.00601784	0.0089706	0.011636	0.00851486	0.0015862	0.00601976	0.00755258	0.00659796	0.00695354	0.00884568	0.000320603	0.0104071	0.00871063	0.00633441	0.00775904	0.00962037	0.00895417	0.012996	0.00554089	0.00885496	0.0184492
ko00500: Starch and sucrose metabolism	0.00725976	0.00149469	0.000789873	0.000230144	0.00243612	0.0036585	0.00499106	0.00348766	0.000416592	0.00213051	0.0024723	0.00188642	0.00208417	0.00228563	0.000112926	0.002204	0.00201333	0.00205619	0.00187251	0.00232624	0.00284335	0.00379202	0.00174071	0.00254703	0.00242946
ko00510: N-Glycan biosynthesis	0.000314881	0.00512261	0.0018806	0.000396134	0.00407312	0.00651351	0.00824484	0.00520695	0.00110509	0.00547713	0.00566728	0.00509536	0.00508257	0.0103657	0.000158344	0.0106727	0.00609518	0.00644122	0.0062177	0.00813923	0.0108311	0.0086205	0.00458565	0.0080814	0.0102887
ko00511: Other glycan degradation	4.21861e-06	0.0025434	0.0010364	0.000354602	0.00228782	0.00542542	0.00377821	0.00306137	0.000770305	0.0028164	0.0027206	0.0036967	0.00347257	0.00572338	0.000133796	0.0059244	0.00416443	0.0047294	0.00331582	0.0041991	0.00568715	0.00450268	0.00231352	0.00418018	0.0036381
ko00512: Mucin type O-Glycan biosynthesis	0	0.0013904	0.000250464	0.000150445	0.000828458	0.00180666	0.00174952	0.00152217	0.000228604	0.00135195	0.00100301	0.00111311	0.0017377	0.000786962	2.94298e-05	0.00130339	0.00098667	0.000829355	0.00134792	0.0011053	0.00101989	0.000831097	0.000764846	0.000907466	0.000973779
ko00513: Various types of N-glycan biosynthesis	0	2.11745e-05	0	1.80189e-06	9.89926e-06	5.26224e-05	3.26209e-05	3.27527e-05	4.61501e-06	9.08292e-06	4.40983e-05	1.77627e-05	1.11952e-05	1.84277e-05	0	4.09414e-05	2.62692e-05	1.3501e-05	3.13926e-05	0	1.21436e-05	0	1.53383e-05	1.33249e-05	1.71129e-05
ko00514: Other types of O-glycan biosynthesis	1.01046e-06	0.00107221	0.00062443	0.000100326	0.00140569	0.00256011	0.0020481	0.00161219	0.000210676	0.00153078	0.00146314	0.00151164	0.00134232	0.00218126	3.0561e-05	0.00250881	0.00174284	0.00219797	0.00192728	0.00202351	0.00396158	0.00166287	0.000983719	0.00187628	0.00187262
ko00520: Amino sugar and nucleotide sugar metabolism	0.0139653	0.00288179	0.00109535	0.0002695	0.00332669	0.00454599	0.00634875	0.00476784	0.000574514	0.00296823	0.00331031	0.00251946	0.00285787	0.00333318	0.0001624	0.00302544	0.00318469	0.00313861	0.00233769	0.00375448	0.00415545	0.0062958	0.00294102	0.00357135	0.00529877
ko00521: Streptomycin biosynthesis	0.0129914	0.00100728	0.000485705	0.000161382	0.00157036	0.00214728	0.00331198	0.00176299	0.000239206	0.000559355	0.00136304	0.000950528	0.000826268	0.000565611	0.000133788	0.00095749	0.00148797	0.00130782	0.000719995	0.000855112	0.00204199	0.00328724	0.00207872	0.00161635	0.00122882
ko00522: Biosynthesis of 12-, 14- and 16-membered macrolides	1.9831e-06	3.87423e-07	1.04898e-06	1.39356e-08	8.51477e-08	2.11788e-05	1.03266e-05	0	2.55969e-07	2.02048e-07	0	0	6.96719e-08	6.9248e-05	1.74294e-06	9.56072e-08	7.36758e-07	2.06034e-05	3.56261e-06	7.98196e-05	6.13489e-08	2.23724e-05	3.78983e-07	9.233e-07	1.50449e-06
ko00531: Glycosaminoglycan degradation	0	0.00200006	0.00100538	0.000311501	0.00193309	0.00404032	0.0040469	0.00318835	0.000676202	0.00292446	0.00233832	0.00298541	0.00292947	0.00518439	0.000102759	0.00483692	0.00336558	0.00349541	0.00394057	0.00441861	0.00494706	0.0043459	0.00284482	0.00469594	0.00518347
ko00532: Glycosaminoglycan biosynthesis - chondroitin sulfate	0	0.000311832	9.7175e-05	2.06594e-05	9.56997e-05	0.000386855	0.000581541	0.000115389	8.6262e-05	0.000203932	0.000189524	5.68606e-05	0.000220522	0.000175453	4.8785e-06	0.000702268	0.000146499	0.000449872	0.000225446	0.000864975	0.000959947	0.000490524	0.000231989	0.000718205	0.00033122
ko00533: Glycosaminoglycan biosynthesis - keratan sulfate	0	0.000837571	0.000295545	0	0	0.00108366	0.00163542	0.000954962	0	0.00117879	0	0.00103022	0.000909473	0	0	0	0	0.000720206	0.000907453	0.00133427	0.00227682	0.00109894	0.000361779	0.00115403	0.00132679
ko00534: Glycosaminoglycan biosynthesis - heparan sulfate	0	0.000432467	0.000267104	5.44451e-05	0.000344869	0.000762589	0.000871188	0.000311611	0.00012381	0.00063971	0.000303355	0.000454812	0.000730797	0.000951304	1.7904e-05	0.0010227	0.000358673	0.000754818	0.000658663	0.000663862	0.00104347	0.000475116	0.000318628	0.000870035	0.000810022
ko00540: Lipopolysaccharide biosynthesis	0.0245235	0.00121144	0.00071571	7.73769e-05	0.00208427	0.00176505	0.00614989	0.00165596	0.00024261	0.000630584	0.00177177	0.00164103	0.000965395	0.0012131	0.000214882	0.00176293	0.00105039	0.00175561	0.00105383	0.00240695	0.00154925	0.00490971	0.00143338	0.00221849	0.00207255
ko00550: Peptidoglycan biosynthesis	0.027457	0.00150769	0.000562752	9.9735e-05	0.00104599	0.00170983	0.00419463	0.00264708	0.000196901	0.000561279	0.00163805	0.00169423	0.00135735	0.000671033	0.000150972	0.00107979	0.00190184	0.0011438	0.000485806	0.00250369	0.00123887	0.00350733	0.00113693	0.00172566	0.00132953
ko00561: Glycerolipid metabolism	0.00567644	0.00174206	0.000770673	0.000150062	0.00194115	0.00320946	0.00312561	0.00291533	0.000408338	0.00173659	0.00210932	0.00206951	0.00185421	0.0025105	9.48736e-05	0.00280721	0.00223223	0.00209663	0.00170687	0.00202472	0.00259339	0.00349511	0.00135605	0.00211565	0.00310156
ko00562: Inositol phosphate metabolism	0.00242157	0.00119838	0.000626187	0.000139523	0.00162897	0.00246939	0.0040425	0.00238704	0.000323395	0.00146028	0.00171864	0.00183951	0.00160575	0.00230981	0.000113887	0.00210648	0.00156825	0.00204564	0.00201318	0.00276597	0.00236484	0.00261405	0.00132312	0.00288344	0.00210271
ko00563: Glycosylphosphatidylinositol(GPI)-anchor biosynthesis	8.26625e-08	0.00649322	0.00318899	0.000284325	0.00335193	0.00887498	0.0120838	0.00801036	0.00169598	0.00262588	0.00544473	0.00727335	0.00763475	0.0184145	0.000336886	0.0124632	0.0110326	0.0111125	0.0109374	0.0136948	0.0160929	0.010347	0.00642721	0.0142207	0.0107704
ko00564: Glycerophospholipid metabolism	0.0113407	0.00239708	0.000985247	0.000164874	0.00225249	0.003596	0.00464511	0.00294786	0.000559884	0.00239208	0.00252903	0.00260726	0.0019402	0.00254248	0.000137352	0.00227879	0.00257428	0.00289131	0.00208731	0.00237395	0.00312054	0.00376085	0.00187195	0.0023675	0.00351319
ko00565: Ether lipid metabolism	0	0.00359053	0.00122615	0.000350999	0.00252158	0.0046359	0.00499576	0.00315932	0.00132701	0.00417219	0.00335258	0.00411822	0.00220818	0.00379649	5.58748e-05	0.0032237	0.00213871	0.00366968	0.00234443	0.00261019	0.00333578	0.00300044	0.00177635	0.00320134	0.00515618
ko00590: Arachidonic acid metabolism	0.00689473	0.0033292	0.00111834	0.000179458	0.00212545	0.00436084	0.0048218	0.00322723	0.000938886	0.00265848	0.0028049	0.00304306	0.00279156	0.00589292	6.74395e-05	0.00512274	0.00386359	0.00345848	0.00256376	0.00307212	0.00386565	0.00574129	0.00242376	0.00383891	0.00551494
ko00591: Linoleic acid metabolism	0	0.00438724	0.00114472	0.000223776	0.00168967	0.00363676	0.00541335	0.00306186	0.00162447	0.0020876	0.00267043	0	0.00203463	0.00223895	0.000163573	0.00179935	0.00290169	0.00366674	0.00132007	0.00190328	0.00172619	0.00484096	0.00149607	0.00239234	0.00482349
ko00592: alpha-Linolenic acid metabolism	1.12117e-05	0.00325912	0.000631067	0.000182213	0.00137441	0.00221266	0.00200367	0.00234343	0.00117457	0.00160097	0.0015266	0.0023678	0.00136163	0.00124007	6.33048e-05	0.00078842	0.00170539	0.00250511	0.00100402	0.000951773	0.00155419	0.00223976	0.000776007	0.00227839	0.00359417
ko00600: Sphingolipid metabolism	0.00041309	0.00167448	0.000957682	0.000249179	0.00153888	0.00342075	0.0039287	0.00226905	0.0004467	0.00248727	0.00248447	0.00266242	0.00208115	0.00329603	7.07805e-05	0.00394356	0.00317475	0.00275908	0.00268422	0.00339913	0.00377993	0.00301961	0.00156394	0.00342161	0.00330563
ko00601: Glycosphingolipid biosynthesis - lacto and neolacto series	0	0.00112744	0.00027636	4.99625e-05	0.000526761	0.000886912	0.00163939	0.000704681	9.75452e-05	0.000799347	0.000556374	0.000860707	0.00086252	0.000833726	1.57393e-05	0.000384719	0.000487149	0.000320093	0.000558965	0.00106556	0.00128411	0.000365067	0.000362434	0.000856891	0.00168302
ko00603: Glycosphingolipid biosynthesis - globo series	1.78224e-06	0.00115832	0.000356189	0	0.00133336	0.00179128	0.00192569	0.00179247	0.000359576	0.00144992	0.00131147	0.00127994	0.00153804	0.00183453	4.20214e-05	0.0024325	0.00190457	0.00167224	0.00194182	0.00326679	0.00256575	0.00151825	0.0010563	0.00256392	0.0032871
ko00604: Glycosphingolipid biosynthesis - ganglio series	0	0.00151111	0.000597813	0.000258252	0.00141308	0.00275062	0.00285071	0.00199586	0.000596063	0.00197455	0.00234218	0.00301978	0.0030634	0.00283966	6.77754e-05	0.00303349	0.00189026	0.00183963	0.00277609	0.00352464	0.00337898	0.00239463	0.00184499	0.00301038	0.00321927
ko00620: Pyruvate metabolism	0.0195141	0.00395921	0.00180274	0.000371515	0.00517995	0.00599801	0.00791202	0.00668955	0.000866972	0.00385333	0.00425593	0.00405995	0.00392513	0.00416489	0.000249371	0.0050382	0.00504282	0.00396766	0.00449222	0.00523324	0.00479636	0.00891052	0.0040391	0.00587698	0.00486213
ko00621: Dioxin degradation	9.62657e-08	0	0	2.10447e-07	2.27121e-05	0	2.56548e-05	0	0	0	0	2.17583e-06	0	0	0	0	0	0	0	0	0	0	0	8.42262e-06	0
ko00622: Xylene degradation	2.46132e-06	1.68741e-06	5.67556e-07	1.47915e-07	2.52155e-06	2.90923e-06	3.63202e-06	2.6424e-06	3.06348e-07	7.67083e-06	2.31002e-06	1.75003e-06	1.56602e-06	1.55538e-06	1.67088e-07	6.47489e-07	1.32986e-06	7.47679e-05	1.20753e-06	1.1476e-06	3.37936e-06	3.80069e-06	8.67822e-07	1.41312e-06	2.62806e-06
ko00623: Toluene degradation	4.64847e-06	0.000598978	0.000252005	3.82442e-08	4.17967e-07	1.90849e-06	3.99937e-07	0.00105136	0.000165261	6.21082e-07	0	7.15679e-07	2.35342e-07	0.000254598	0	0.000644716	1.75682e-06	0.000293524	0.000129969	0.000415415	4.3523e-06	5.5395e-06	2.35817e-06	0.000770172	0
ko00624: Polycyclic aromatic hydrocarbon degradation	0.00210186	3.8878e-06	1.22788e-06	1.51396e-07	1.06635e-06	8.90623e-07	8.94089e-08	0	3.06441e-07	1.75267e-08	1.35129e-07	1.17471e-06	1.20827e-08	3.95159e-08	0	0	5.12136e-07	6.50198e-08	1.17097e-06	2.5044e-06	3.84089e-05	1.32342e-07	0	1.77896e-05	0
ko00625: Chloroalkane and chloroalkene degradation	0	0.000235301	4.95058e-05	9.67411e-06	0.000111603	0.000234121	0.000340405	0.00023583	6.20053e-05	6.37361e-05	0.000186232	0.000362	0.000119225	0	5.89263e-05	0	0.000194838	0	0.000113956	0.000218332	0	0.000959792	0.000128682	0.000195488	0
ko00626: Naphthalene degradation	0.00743266	0.000500435	0.000176979	4.22371e-05	0.000429211	0.000791225	0.0013354	0.000371162	0.00015754	0.000376749	0.000781091	0.00070131	0.000615516	0.000671197	7.82274e-05	0.000402519	0.000751971	0.000640674	0	0.000834465	0	0.000988887	0.000422255	0.000667286	0
ko00627: Aminobenzoate degradation	0.00179337	0.00026188	0.000116614	1.04146e-05	0.000125633	0.000249812	0.0010454	0.000197591	3.2419e-05	0.000189117	0.000321324	0.000207092	0.000214748	0.000101692	1.5069e-05	0.0002446	0.000226751	0.000350019	0.00021042	0.000463729	0.000148806	0.000280583	0.000131382	0.000354361	0.000260587
ko00630: Glyoxylate and dicarboxylate metabolism	0.00480464	0.00267158	0.00121659	0.00021415	0.00267917	0.00369137	0.00535816	0.00425163	0.000521682	0.00220601	0.00306846	0.00287416	0.0026226	0.0034791	0.000199438	0.00328604	0.0035141	0.00303894	0.00283982	0.00326013	0.00335098	0.0069423	0.00214884	0.0041584	0.00415734
ko00633: Nitrotoluene degradation	0.000597229	0.000158236	6.73417e-05	0	6.1895e-05	8.72699e-05	0.000416782	0.000397353	2.39226e-05	4.62415e-05	6.14667e-06	8.57506e-05	6.6156e-05	0	2.92747e-05	0.000132594	0.000207039	0.000159578	0	0.000144202	8.33081e-05	0.000473054	0.000116267	0.000258349	6.79574e-05
ko00640: Propanoate metabolism	0.0115972	0.00252813	0.00125178	0.000248339	0.00342696	0.00417582	0.00610298	0.00429574	0.000610056	0.00255354	0.00371742	0.0029119	0.00276601	0.00316085	0.000203011	0.00281119	0.00329549	0.00222394	0.0023857	0.00330045	0.00303109	0.00522779	0.00226105	0.00348192	0.00276168
ko00642: Ethylbenzene degradation	0	0	0	0	0	0	1.08266e-05	1.08079e-06	0	0	0	0	0	0	0	0	4.72192e-07	0	0	0	0	0	0	4.9126e-07	0
ko00643: Styrene degradation	0	1.17802e-05	0	0	0	3.67333e-07	6.41212e-06	0	0	0	0	0	3.07218e-05	0	0	0	0	0	0	0	0	2.41553e-06	0	6.6681e-06	0
ko00650: Butanoate metabolism	0.0165948	0.00302715	0.00144681	0.000236217	0.0037637	0.00500493	0.00658696	0.0055056	0.0008213	0.003331	0.00423006	0.00323737	0.00296455	0.00271502	0.000193373	0.00277099	0.0036595	0.00264043	0.00258281	0.00314012	0.00338672	0.00657662	0.00288395	0.00352911	0.00298015
ko00660: C5-Branched dibasic acid metabolism	0.00575069	0	0	0	2.65313e-05	0	0.000485671	0.000137756	0	0	0	0.000197836	0	0	1.19195e-05	0	0	0.000472002	0	0.000146822	0.000267305	0	0.00017733	0	0
ko00670: One carbon pool by folate	0.0195258	0.00244241	0.00124089	0.000247834	0.00324184	0.00411538	0.0076623	0.00460808	0.000447237	0.00166021	0.00358439	0.00324319	0.00250279	0.00398928	0.000272563	0.00284796	0.00343886	0.00361943	0.00326798	0.00566258	0.00364468	0.00871267	0.00361175	0.00386786	0.00341241
ko00680: Methane metabolism	0.00735471	0.000150293	5.71222e-05	2.4007e-05	0.000231256	0.000237155	0.000452141	0.000247042	2.53793e-05	0.000113571	0.000155495	0.000133773	0.000191177	0.000253122	1.60212e-05	0.000254941	0.000168763	0.000123559	0.000251913	0.000355899	0.000333642	0.000431702	0.000212144	0.000203624	0.000145352
ko00710: Carbon fixation in photosynthetic organisms	3.98379e-06	2.33515e-05	3.47434e-05	6.32524e-06	3.04772e-06	6.24433e-05	7.16983e-05	1.2301e-05	7.95298e-06	5.04545e-05	2.85586e-05	4.12808e-05	2.7364e-05	8.32654e-06	3.58744e-07	7.50216e-06	7.44069e-05	0.000102288	1.06977e-05	1.08545e-05	3.61034e-05	2.02622e-05	7.67683e-06	7.6757e-06	7.93166e-07
ko00720: Carbon fixation pathways in prokaryotes	0.0135995	2.4254e-05	8.12788e-07	1.22674e-07	4.11613e-06	4.26067e-05	4.75035e-05	2.43568e-06	8.26143e-07	3.49359e-06	6.91126e-05	1.19498e-05	1.78793e-05	1.57192e-07	1.46388e-07	1.9813e-06	8.26488e-06	3.45914e-05	2.96783e-05	3.82512e-06	9.74388e-07	5.74696e-06	1.71254e-05	3.60716e-06	6.3472e-08
ko00730: Thiamine metabolism	0.0198679	0.00126527	0.000537791	9.47821e-05	0.00206333	0.00189254	0.0045539	0.0047849	0.000329951	0.000840267	0.00126299	0.0021164	0.00108985	0.00177814	0.000178728	0.00158445	0.00127786	0.00111095	0.000984224	0.00252666	0.00216428	0.0055264	0.00210789	0.00134709	0.00152522
ko00740: Riboflavin metabolism	0.0266453	0.00181492	0.000625338	0.000200011	0.00169924	0.00192194	0.00448103	0.00360061	0.000242199	0.00143865	0.0017583	0.00194629	0.00176549	0.00210657	0.000121146	0.00177586	0.00168309	0.00205021	0.00198876	0.00226326	0.00157896	0.00372606	0.00140457	0.00193656	0.00174267
ko00750: Vitamin B6 metabolism	0.0105143	0.00238112	0.000618018	0.000252114	0.00269549	0.00303025	0.00472164	0.00353307	0.000429543	0.00124526	0.00248824	0.00276189	0.00172348	0.00291983	0.000292399	0.00368014	0.0037402	0.00300519	0.00265037	0.00427962	0.00495138	0.00805696	0.0035098	0.00688633	0.00320954
ko00760: Nicotinate and nicotinamide metabolism	0.010244	0.00280932	0.000967151	0.000160114	0.00226252	0.00340133	0.00523848	0.00384611	0.000466814	0.00174379	0.00252365	0.0029213	0.00156221	0.00254011	0.000178238	0.00346695	0.00267753	0.00353423	0.00196076	0.00350949	0.00350574	0.00517054	0.00250591	0.00313714	0.00289106
ko00770: Pantothenate and CoA biosynthesis	0.0107157	0.00239758	0.00109614	0.000169765	0.00312149	0.00332869	0.00558849	0.00405333	0.000503474	0.00121442	0.0022587	0.00231212	0.00166842	0.00285908	0.000231149	0.00230342	0.0034265	0.00250967	0.00198745	0.00334729	0.00343989	0.00480162	0.00191986	0.00399732	0.00278584
ko00780: Biotin metabolism	0.0209684	0.00197262	0.000833921	0.000108391	0.00209486	0.00303868	0.00628313	0.00432487	0.000287214	0.00107543	0.00355487	0.0021056	0.00195706	0.0033638	0.000204126	0.00134229	0.00381833	0.00307576	0.00067047	0.00204613	0.00189875	0.00739193	0.00136512	0.00283536	0.0027411
ko00785: Lipoic acid metabolism	9.92233e-05	0.00400487	0.000569845	0.000123995	0.00150933	0.00161402	0.0130112	0.00618905	0.000214258	0.00142419	0.00187108	0.00209078	0.00170807	0.00321188	0.000201629	0.00282095	0.00213461	0.00375663	0.00157985	0.00278075	3.25727e-07	0.00971296	0.00110933	0.00304047	0.00229338
ko00790: Folate biosynthesis	0.0164664	0.00172478	0.00150732	0.000143607	0.00186512	0.00292933	0.00688375	0.00418508	0.000513195	0.00184899	0.00269155	0.00246702	0.00241036	0.0023462	0.000226013	0.00327899	0.00330919	0.00299787	0.00196907	0.00359253	0.00327225	0.0087246	0.00264786	0.00331693	0.00306467
ko00791: Atrazine degradation	7.42358e-05	0.000369418	0.000222158	2.20711e-05	0.000335977	0.000608548	0.00045645	0.000407205	3.4811e-05	0.000317098	0.00020937	0.000358167	0.000339728	0.000815317	1.16937e-05	0.000680278	0.000615912	0	0.000284354	0.000612132	0.000697988	0.000546938	0.00027986	0.000328932	0.000386666
ko00830: Retinol metabolism	1.35655e-05	0.00235697	0.00133391	0.000170577	0.00346151	0.00564714	0.00341784	0.00395805	0.000603968	0.00382894	0.00321588	0.00333651	0.00268886	0.00242558	4.63546e-05	0.0018902	0.00122124	0.00126593	0.00165229	0.00179351	0.00209557	0.00249347	0.00111153	0.00223823	0.00241073
ko00860: Porphyrin and chlorophyll metabolism	0.011121	0.00199728	0.000854118	0.000109925	0.0016113	0.0024756	0.00433938	0.00265529	0.000377721	0.00120277	0.00193974	0.00216428	0.00173839	0.00210065	0.000159803	0.00236078	0.00263357	0.00233822	0.00135612	0.00223822	0.00254546	0.00441274	0.00138098	0.00248097	0.00218833
ko00900: Terpenoid backbone biosynthesis	0.015487	0.00253405	0.00122928	0.000213813	0.00421702	0.00431884	0.00624871	0.00478992	0.000660891	0.00317481	0.00320656	0.00224296	0.00211259	0.00250708	0.000192872	0.00193429	0.00270861	0.00189749	0.00232018	0.00219837	0.00248345	0.00539881	0.00233474	0.00273119	0.0029866
ko00901: Indole alkaloid biosynthesis	0	0	0	0	0	0	0	0	0	0	0	0	0	0	0	0	7.37127e-05	0	0	0.000127952	0	0	4.22806e-05	0	0
ko00903: Limonene and pinene degradation	0.00624866	0.000160676	0.000143543	2.22512e-05	5.20039e-05	0.000275367	0.00611985	0.000309651	2.64259e-05	0.000133389	0.000347034	0.000172113	0.000199181	0.000114896	8.45653e-06	6.94846e-05	0.000143941	0.000142795	0.000125811	4.37793e-05	0.000235094	0.000239242	6.73331e-05	0.000406614	0.00011897
ko00904: Diterpenoid biosynthesis	5.70636e-08	0	0	0	0	0	0	0	0	0	1.0315e-06	0	0	0	8.37562e-07	0	0	0	1.23228e-06	3.18384e-05	0	6.92213e-07	0	0	0
ko00906: Carotenoid biosynthesis	9.78933e-06	0.000248012	8.49781e-05	8.92453e-06	1.88547e-05	8.69535e-05	4.57335e-05	0.0011401	6.92068e-06	1.79588e-05	0.000279315	0.000137787	0.000121952	6.82622e-06	6.59802e-06	6.83456e-05	0.000243504	9.85142e-05	3.33615e-07	6.20463e-05	3.01203e-05	0.000384562	4.98061e-05	0.000445476	0.000258169
ko00908: Zeatin biosynthesis	0.00329353	4.07693e-06	0.000103522	8.13323e-05	0.000756504	0.00116811	0.0013588	0.00116488	0.000250858	0.000536514	0.00152584	0.000472873	0.00108808	0.000283842	5.25659e-05	0.000491679	0.00115533	0.000906716	0.000540876	0.00179402	0.00126804	0.0020708	0.00038344	0.000281107	0.000934894
ko00910: Nitrogen metabolism	0.00648256	0.00123167	0.000508516	0.000132707	0.00158359	0.00235626	0.00309513	0.00260541	0.000254596	0.00098632	0.00169862	0.00160311	0.00139727	0.00121643	0.000133171	0.00091064	0.00103617	0.000868317	0.000884721	0.00156468	0.00133011	0.00279282	0.00124711	0.0016369	0.00106103
ko00920: Sulfur metabolism	0.00637061	0.00224395	0.000628203	0.000171603	0.00191445	0.00237241	0.00481277	0.0035763	0.000391304	0.00185465	0.00192981	0.00175412	0.00143321	0.00148934	0.000153756	0.00156807	0.00187797	0.00184596	0.00129059	0.00249667	0.00170442	0.00419695	0.00126275	0.0018018	0.00225999
ko00930: Caprolactam degradation	0.000493365	0.000564345	0.000261666	2.26749e-05	0.000285541	0.000530036	0.000940862	0.000274324	0.000117886	0.000148095	0.000216506	0.000326892	0.000184037	0.000357194	5.38303e-05	0.000237462	0.000298636	0.000107653	0.000116744	0.000394518	0.000473787	0.00106503	0.000197851	0.000287729	0.000345526
ko00940: Phenylpropanoid biosynthesis	7.94284e-06	1.73055e-05	6.4362e-06	3.10043e-06	1.50631e-05	3.14951e-05	5.28881e-05	1.75234e-05	3.9627e-06	2.17821e-05	2.09461e-05	2.60884e-05	1.14494e-05	6.60757e-05	1.04493e-06	3.20848e-05	3.22026e-05	1.31097e-05	2.22193e-05	1.09177e-05	1.78431e-05	5.30043e-05	9.33654e-06	1.36049e-05	1.28756e-05
ko00941: Flavonoid biosynthesis	2.37361e-05	5.18291e-05	0	0	2.37597e-05	6.0709e-05	9.29143e-07	0	0	0	4.88973e-05	6.31245e-05	4.84711e-05	0	0	9.92694e-06	0	0	0	0	0	1.1019e-06	4.09031e-06	0	0
ko00960: Tropane, piperidine and pyridine alkaloid biosynthesis	5.78705e-06	0	9.58156e-08	0	3.38631e-06	4.13987e-07	3.82852e-07	1.89576e-06	3.51555e-07	4.79535e-07	0	6.99639e-07	9.0684e-08	0	3.13924e-06	0	0	2.16061e-06	1.5573e-07	0	0	0	1.12917e-06	6.01787e-05	0
ko00970: Aminoacyl-tRNA biosynthesis	0.0338138	0.00284501	0.00124745	0.00026661	0.00367625	0.00476319	0.0069358	0.0058201	0.000601693	0.0026244	0.00364204	0.00366772	0.00320312	0.00411256	0.000218896	0.00418054	0.00471442	0.00368956	0.00362917	0.00455464	0.00524509	0.00772554	0.00394394	0.00513671	0.0046292
ko00980: Metabolism of xenobiotics by cytochrome P450	4.32484e-07	0.00401034	0.0021252	0.000247935	0.00532733	0.00840983	0.00653356	0.00697389	0.00105357	0.00566518	0.00511631	0.00589014	0.0054822	0.00344906	8.27677e-05	0.00467021	0.00454684	0.00278582	0.0035451	0.00367121	0.00383583	0.00529785	0.00356771	0.00520791	0.00401238
ko00981: Insect hormone biosynthesis	0	3.15557e-05	5.0072e-05	5.75588e-06	6.39486e-05	0.000140258	0.000188441	0.000194047	4.36895e-06	5.0929e-05	0.000185866	0.000104522	0.00010229	0.000400783	1.96215e-07	4.28969e-05	0.000132597	4.42099e-05	0.00013791	7.8841e-05	1.74567e-05	3.49493e-05	2.30387e-05	0.000168876	0.000189338
ko00982: Drug metabolism - cytochrome P450	0	0.00508706	0.00234569	0.000330604	0.00689933	0.0101295	0.00887281	0.00781305	0.00130974	0.00721939	0.00644433	0.00718165	0.00654159	0.00323428	8.82427e-05	0.0048688	0.00491488	0.00313053	0.00380834	0.00376746	0.00422069	0.00660114	0.00379822	0.00574028	0.00435158
ko00983: Drug metabolism - other enzymes	7.61228e-07	0.00380182	0.00179631	0.000355739	0.00518299	0.00781549	0.00774412	0.00579394	0.00106562	0.00404806	0.00369585	0.00455239	0.00450972	0.00432378	0.00030881	0.00660069	0.00583297	0.00469638	0.00527743	0.00621242	0.00680587	0.00852591	0.00408337	0.00635474	0.00526658
ko01040: Biosynthesis of unsaturated fatty acids	0.00125996	0.00217689	0.000870936	0.000174183	0.00257344	0.00332911	0.00467487	0.00346045	0.000431699	0.00220639	0.00214007	0.00208025	0.00248724	0.00255785	0.000137958	0.0023934	0.00303128	0.00246709	0.00296522	0.00334704	0.00407902	0.00403595	0.0018105	0.00365038	0.00387575
ko01053: Biosynthesis of siderophore group nonribosomal peptides	2.57071e-05	0.000353735	0.000154422	1.35907e-05	0.000438855	0.000604174	0.00211182	0.000414229	8.04377e-05	0.000280804	0.000566672	0.000644825	0.00023263	0.000422808	5.45604e-05	0.000500967	0.000883741	0.000645384	0.000447303	0.000384501	0.000502534	0.00239683	0.000292691	0.000400728	0.000744893
ko01056: Biosynthesis of type II polyketide backbone	0.000110256	1.40438e-06	1.35547e-06	3.79552e-07	1.64439e-05	2.96868e-06	9.26762e-06	4.74371e-05	2.2221e-07	1.96083e-06	0	0	6.12124e-06	0	0	0	5.1103e-06	1.27933e-06	0	9.14397e-06	1.52141e-06	2.46928e-05	1.23806e-05	0	0
ko02010: ABC transporters	0.00798433	0.0011042	0.000547938	7.60212e-05	0.000941329	0.00168167	0.00437939	0.00208281	0.000247776	0.000709893	0.00153447	0.00133371	0.00103232	0.00119052	0.000145485	0.00104711	0.00137669	0.00117612	0.000804938	0.00141522	0.00116369	0.00320295	0.000945166	0.00165403	0.00121418
ko02020: Two-component system	0.00440999	0.000961379	0.000385145	4.3932e-05	0.000650258	0.00107015	0.00333201	0.00135289	0.000179128	0.0004104	0.00130307	0.00108218	0.000841545	0.000659702	0.000113341	0.000806645	0.00113742	0.000763172	0.000519866	0.00103464	0.000973196	0.00243618	0.000672551	0.00115665	0.000949309
ko02030: Bacterial chemotaxis	0.00310197	0.000359268	0.000249307	4.15246e-05	0.00031579	0.000598088	0.00194583	0.000672	0.000149965	0.000184604	0.000793705	0.000645047	0.000792954	0	7.45145e-05	0.000294885	0.000950654	0.000377434	0.000365839	0.000455722	0.000190443	0.00170015	0.000623013	0.000939801	0.00058016
ko02040: Flagellar assembly	0.000868359	0.00205782	0.000872675	8.50593e-05	0.000858817	0.00212005	0.00531409	0.00195384	0.000325627	0.000939596	0.00249333	0.00211137	0.0016872	0.00219703	0.000220536	0.00163664	0.0019415	0.00190521	0.000799193	0.00184458	0.000997349	0.00494442	0.000973557	0.00288718	0.00111279
ko02060: Phosphotransferase system (PTS)	0.00795329	0.000156092	3.62165e-05	1.23366e-05	0.000262484	0.000320975	0.000385522	0.000586887	3.87197e-05	3.75116e-05	0.000150833	0.000319253	0.000169118	0.000186321	2.27442e-05	0.000180539	0.000137034	9.30667e-05	8.3043e-05	0.000189853	0.000109441	0.000366625	0.000225791	0.000274342	0.000140611
ko03008: Ribosome biogenesis in eukaryotes	0.00113732	0.00202103	0.000687517	0.00020242	0.00177309	0.00314174	0.00500224	0.00255303	0.000435445	0.00242107	0.00273931	0.00270595	0.00240086	0.00468384	8.15345e-05	0.00473638	0.00348058	0.00420746	0.00378626	0.00368698	0.00581954	0.00497583	0.00229507	0.00393918	0.00436701
ko03010: Ribosome	0.0342959	0.0141017	0.00594597	0.00247441	0.0457322	0.023819	0.02143	0.0180723	0.00291766	0.00813225	0.0136549	0.0169403	0.0156542	0.0245558	0.00105577	0.0227894	0.0242428	0.0210502	0.0198826	0.0213751	0.0331691	0.0431887	0.0383636	0.0242378	0.0212633
ko03013: RNA transport	0.000197791	0.00291682	0.00152335	0.00029149	0.00267744	0.00465569	0.00699772	0.00350958	0.000745817	0.00371867	0.00364962	0.0035753	0.00377976	0.00698393	0.00013414	0.00718564	0.00585984	0.00548139	0.0062964	0.00564427	0.00932072	0.00721687	0.0036961	0.00612645	0.00612411
ko03015: mRNA surveillance pathway	3.45563e-05	0.00212524	0.00117011	0.000216645	0.00191493	0.00336727	0.00413309	0.00270021	0.000452586	0.00272923	0.00262521	0.00231861	0.00251416	0.00478098	8.84758e-05	0.00548173	0.00320673	0.00380262	0.00447535	0.00358939	0.00537324	0.0044141	0.00230573	0.00420214	0.00399877
ko03018: RNA degradation	0.00963575	0.00293108	0.00139414	0.000278284	0.00345637	0.00420496	0.0070995	0.0041294	0.000652198	0.00268701	0.00312438	0.00353992	0.00303407	0.00531419	0.000209134	0.00471776	0.00424632	0.00414094	0.00394001	0.00463961	0.00738364	0.00824855	0.00385383	0.00541302	0.00478888
ko03020: RNA polymerase	0.00832446	0.00354131	0.00125293	0.000351844	0.00518952	0.00478212	0.00563445	0.00475623	0.000778829	0.00226906	0.00278951	0.0038846	0.0031779	0.00426349	0.000225798	0.0061533	0.00562628	0.00311239	0.00361519	0.00471132	0.00617359	0.00901851	0.00411022	0.00517081	0.00536767
ko03022: Basal transcription factors	4.38161e-06	0.00221431	0.000863049	0.000154076	0.00235724	0.00349166	0.00487826	0.002619	0.000649843	0.00236917	0.00228561	0.00216751	0.00266572	0.00463644	7.12291e-05	0.00543242	0.0034292	0.00335353	0.00304165	0.00223609	0.004238	0.00402077	0.00207549	0.00397535	0.00391473
ko03030: DNA replication	0.0121505	0.00300117	0.0013681	0.00017739	0.00442077	0.00383046	0.00777062	0.00570047	0.000507742	0.00233855	0.00305002	0.00278725	0.00278089	0.00298796	0.000214082	0.00417832	0.00448258	0.00426088	0.00432276	0.00423393	0.00429955	0.00926096	0.00314646	0.00455055	0.00510982
ko03040: Spliceosome	3.46292e-05	0.00279942	0.00134384	0.000324529	0.00249307	0.00488777	0.00575156	0.00347311	0.000675334	0.00314887	0.00380631	0.0035605	0.00332289	0.00755197	0.000113408	0.00653969	0.00521947	0.00513217	0.00573219	0.00516147	0.00773468	0.00680232	0.00310951	0.00665705	0.00536451
ko03050: Proteasome	0.000113779	0.00923283	0.00280654	0.000601821	0.00557816	0.0112598	0.0120925	0.00683564	0.00177609	0.00767997	0.00761856	0.00725229	0.00774416	0.0131798	0.000177277	0.0137275	0.014822	0.0103439	0.00907233	0.0100244	0.016053	0.0170327	0.0072071	0.0150843	0.0186884
ko03060: Protein export	0.0177075	0.00519271	0.00222404	0.000704563	0.010727	0.00705048	0.00865559	0.0073066	0.00118312	0.00404982	0.00588332	0.00545611	0.00430639	0.00620286	0.00030473	0.005897	0.00523323	0.00451403	0.00450299	0.00619198	0.00660297	0.0132639	0.00883925	0.00549818	0.00768761
ko03070: Bacterial secretion system	0.0103444	0.001426	0.000530929	6.91072e-05	0.000682175	0.00146059	0.00450901	0.00133386	0.000302818	0.000676393	0.00157795	0.00177191	0.00106589	0.000651745	0.00014337	0.000907033	0.00140668	0.00112073	0.00062345	0.0013159	0.000982896	0.00289327	0.000507688	0.00113009	0.00101995
ko03320: PPAR signaling pathway	7.92494e-06	0.00717385	0.00329317	0.000881007	0.0155982	0.0120159	0.00711586	0.0100515	0.00196893	0.0137783	0.00948591	0.00580645	0.00605742	0.00491842	0.000124697	0.00538002	0.00335042	0.00337616	0.00439618	0.00488001	0.0065305	0.00420159	0.00409951	0.00843914	0.00375261
ko03410: Base excision repair	0.00954519	0.00258659	0.000956266	0.000142355	0.00199119	0.00261709	0.00533996	0.00354338	0.000427028	0.00171708	0.00263512	0.00235877	0.00197037	0.00223586	0.000185567	0.00302137	0.00341511	0.00327344	0.00258507	0.00356318	0.00339209	0.00610185	0.00177867	0.0030763	0.00346318
ko03420: Nucleotide excision repair	0.00659039	0.00295968	0.00123813	0.000175	0.00251639	0.00367565	0.00688212	0.00401441	0.000616614	0.00265284	0.00338265	0.00262679	0.0027198	0.00387404	0.000179715	0.00371837	0.00478545	0.00414191	0.00433604	0.00412288	0.00546866	0.00620003	0.00249163	0.00453847	0.0039375
ko03430: Mismatch repair	0.0166987	0.00286302	0.00121564	0.000180783	0.00459103	0.00374278	0.00739338	0.0050577	0.000528392	0.00233542	0.00271223	0.00244908	0.0025409	0.00242859	0.000202592	0.00297426	0.003616	0.00292906	0.00309314	0.00330979	0.00326919	0.00811789	0.00288282	0.00354623	0.00370918
ko03440: Homologous recombination	0.0152311	0.00264451	0.00125997	0.000165711	0.00419317	0.00355583	0.00644085	0.00496876	0.000473168	0.00165376	0.00250555	0.00219059	0.00201004	0.00240597	0.000216616	0.0024682	0.00320659	0.00264687	0.00220236	0.00302735	0.0029359	0.00726641	0.00276605	0.00344456	0.00321034
ko03450: Non-homologous end-joining	0	0.00213687	0.000925823	0.000252972	0.00193869	0.00323023	0.00494649	0.00228333	0.000498988	0.00256772	0.00280503	0.00263195	0.00266341	0.00393232	4.66482e-05	0.0036972	0.00259882	0.00263993	0.00287063	0.00239237	0.00431611	0.00357745	0.00228232	0.00319065	0.002879
ko04010: MAPK signaling pathway	1.71315e-06	0.00165026	0.000863807	0.000189144	0.00160877	0.00279282	0.00254847	0.00230976	0.00048889	0.00218434	0.0020987	0.00216712	0.00188368	0.00278634	5.73106e-05	0.00289004	0.0019891	0.00199591	0.00240094	0.0025004	0.00379984	0.00178362	0.00139152	0.00274429	0.00251757
ko04011: MAPK signaling pathway - yeast	1.79971e-05	7.32839e-05	1.82283e-05	5.20642e-06	7.37985e-05	8.10131e-05	0.000117104	0.000108255	1.11293e-05	8.4695e-05	9.14682e-05	5.91524e-05	5.49281e-05	4.83121e-05	3.3461e-06	8.47213e-05	9.73326e-05	5.86162e-05	6.13291e-05	7.49581e-05	0.000100931	6.76419e-05	7.52829e-05	0.000102882	9.38656e-05
ko04012: ErbB signaling pathway	0	0.00164141	0.000739932	0.000190327	0.00164937	0.00279559	0.00105833	0.00224615	0.000415806	0.00232976	0.00231963	0.00203805	0.0020743	0.0039967	5.52431e-05	0.00317476	0.00222611	0.00226414	0.00205255	0.0021069	0.00428452	0.000929363	0.00161375	0.00313435	0.00290643
ko04013: MAPK signaling pathway - fly	0	8.00828e-05	3.31068e-05	7.78283e-06	6.74748e-05	8.27895e-05	5.80472e-05	6.90618e-05	6.39315e-06	8.06478e-05	0.000100131	4.64172e-05	4.18377e-05	0.000225211	9.01417e-06	2.9219e-05	9.83724e-05	2.02868e-05	5.73586e-05	3.58164e-05	0.000271185	7.9263e-05	0.000143085	8.76777e-05	9.53491e-05
ko04020: Calcium signaling pathway	0	0.0839872	0.0656689	0.0264902	0.0782278	0.0378962	0.11715	0.0519192	0.0291221	0.0851357	0.0754223	0.0771297	0.0806258	0.057057	0.0337597	0.0542157	0.0633848	0.0723543	0.0767356	0.0545288	0.0522339	0.136296	0.0911093	0.0419774	0.0445167
ko04060: Cytokine-cytokine receptor interaction	6.1278e-07	0.000921167	0.000553717	0.00013291	0.00103737	0.00189989	0.000314776	0.00131257	0.000255282	0.00139449	0.00127524	0.00133815	0.00163154	0.00190066	3.75637e-05	0.00228055	0.00119519	0.00151083	0.0014227	0.00278617	0.00232488	0.00056694	0.00124004	0.00259421	0.00351004
ko04062: Chemokine signaling pathway	0	0.000178725	0.000122959	0.000218025	0.000178437	0.000232133	0.00025279	0.000320849	0.000532398	0.000256863	0.00011303	0.000227909	0.000192864	0.000376511	7.76494e-05	0.000348094	0.000148697	0.000295813	0.000267594	0.000278802	0.000329039	0.00029959	0.000159235	0.000406913	0.000207842
ko04070: Phosphatidylinositol signaling system	0	0.00145923	0.000962964	0.000173421	0.00165637	0.00326233	0.00365312	0.0024924	0.000386814	0.00208462	0.00203608	0.00224129	0.00198267	0.00231461	7.56022e-05	0.00267839	0.00162698	0.0020812	0.00249509	0.00266246	0.00305214	0.00208282	0.00135335	0.00308986	0.00253659
ko04075: Plant hormone signal transduction	0	7.3231e-06	1.98861e-06	8.65108e-07	1.23704e-05	1.50993e-05	2.00769e-05	1.2665e-05	1.64752e-06	1.1472e-05	1.62333e-05	7.00294e-06	1.0173e-05	1.79577e-05	4.34292e-07	7.80387e-06	1.52756e-05	3.38549e-06	1.09497e-05	5.49196e-06	1.90174e-05	1.34078e-05	8.07085e-06	1.25405e-05	1.08592e-05
ko04080: Neuroactive ligand-receptor interaction	0	0.000221234	0.000184068	3.59236e-05	0.000261267	0.000469571	0.000556363	0.000345056	7.86535e-05	0.000302893	0.000409106	0.000640259	0.000487015	0.000381223	7.62018e-06	0.000364124	0.000230831	0.000363479	0.000309419	0.000402084	0.000614597	0.000415903	0.000233347	0.000299242	0.00042549
ko04110: Cell cycle	0	0.00183577	0.000680381	0.000174233	0.00163645	0.00262499	0.00117107	0.00207092	0.00040502	0.00204285	0.00218076	0.00186104	0.00210802	0.00411917	6.91055e-05	0.00413706	0.00352789	0.00288405	0.00354217	0.00286717	0.00483906	0.00117943	0.00194129	0.00356512	0.00365295
ko04111: Cell cycle - yeast	1.2451e-05	8.68978e-05	5.01882e-05	1.57797e-05	0.000146563	0.000146506	0.000230384	0.000130375	2.51003e-05	0.000176101	0.000210086	9.27649e-05	0.000114413	0.000206544	5.08949e-06	0.00017962	0.000110663	0.000171775	0.000201358	0.000242908	0.000178701	0.000282342	6.7014e-05	0.000194375	0.000152757
ko04112: Cell cycle - Caulobacter	0.0140069	0.00247203	0.000868038	0.00015987	0.00328437	0.00253886	0.0046	0.00236007	0.000245018	0.00129471	0.00245943	0.00190936	0.00192898	0.00124321	0.000221604	0.00110136	0.00162582	0.00203825	0.000979227	0.00193541	0.00146425	0.00500874	0.00266049	0.00216353	0.00159409
ko04113: Meiosis - yeast	5.04662e-06	0.000126937	4.07068e-05	8.95208e-06	0.000104401	0.000193007	0.00028463	0.000141481	1.2029e-05	0.000139106	8.35142e-05	9.24049e-05	0.000142299	0.000167111	3.88892e-06	0.000177596	0.000102448	0.000161936	0.000135875	0.000130476	0.00022709	0.000199369	6.73007e-05	0.00015542	0.000153753
ko04114: Oocyte meiosis	0	0.00219635	0.00100891	0.000190497	0.00214251	0.00370641	0.000492249	0.00269602	0.000563296	0.00272215	0.00256486	0.0023395	0.00250996	0.00387068	5.35102e-05	0.00375148	0.0035645	0.002563	0.00306657	0.00279862	0.00485622	0.000169575	0.00188935	0.00371737	0.003209
ko04115: p53 signaling pathway	0	0.00136002	0.000870484	0.000152126	0.00118888	0.0022743	0.00156231	0.00179842	0.00038983	0.00189175	0.00176462	0.0021914	0.00202017	0.00380682	6.8126e-05	0.00306649	0.00372564	0.0027065	0.00294289	0.00317157	0.00541258	0.00171417	0.00193256	0.00300912	0.00394702
ko04120: Ubiquitin mediated proteolysis	2.85909e-05	0.00221358	0.0012322	0.000277853	0.00218622	0.00368193	0.00538291	0.00272086	0.000624582	0.00270795	0.00276348	0.00282245	0.00273195	0.00520395	7.68371e-05	0.00516657	0.00389109	0.00380506	0.00388863	0.00370389	0.00568393	0.00479479	0.00273004	0.00456055	0.00452471
ko04122: Sulfur relay system	0.0134113	0.00321459	0.00138556	0.000193227	0.00187805	0.00376268	0.00813643	0.00490788	0.000518787	0.00263341	0.00228629	0.00344826	0.00229905	0.0037345	0.000394722	0.00283495	0.00420351	0.00269714	0.00368741	0.00312198	0.00620216	0.00578457	0.0021421	0.00412054	0.00438787
ko04130: SNARE interactions in vesicular transport	0	0.00298342	0.0011876	0.000317044	0.0022362	0.00410383	0.00465965	0.00278467	0.000743391	0.00299507	0.00284519	0.00335546	0.00413977	0.00369306	8.4753e-05	0.00405743	0.00306054	0.00293052	0.00309969	0.00315013	0.00580767	0.00247815	0.00205507	0.00510275	0.00444863
ko04140: Regulation of autophagy	2.90179e-06	0.00215018	0.000829072	0.000252003	0.00162527	0.00378905	0.00306351	0.0023517	0.000614526	0.00244129	0.001998	0.00179421	0.00270436	0.00274662	3.82174e-05	0.00269713	0.00355308	0.00104234	0.00252068	0.00411039	0.00375604	0.00183275	0.00139935	0.00326457	0.00270216
ko04141: Protein processing in endoplasmic reticulum	0.000361806	0.00708587	0.00270808	0.000585829	0.00567564	0.010911	0.0114065	0.00757011	0.00182577	0.00787446	0.00825966	0.0071527	0.00736818	0.0113085	0.000210182	0.0142196	0.0112285	0.0108023	0.00984113	0.0108202	0.014468	0.0109026	0.00637723	0.0101182	0.0164606
ko04142: Lysosome	5.24947e-06	0.00652272	0.00317234	0.000715389	0.0062101	0.0121535	0.0101114	0.00807149	0.00177286	0.00762287	0.00674673	0.00798831	0.00856446	0.0153238	0.000224198	0.01422	0.0100432	0.0102514	0.00868601	0.0144059	0.0164024	0.00957958	0.00694018	0.0140703	0.0122387
ko04144: Endocytosis	2.07749e-05	0.00364397	0.00157808	0.000315384	0.00333497	0.00579588	0.00617802	0.00405908	0.000936069	0.00387383	0.00377743	0.00405727	0.00374465	0.00588377	9.05876e-05	0.00651356	0.00515124	0.004637	0.00456971	0.00466504	0.00663793	0.00648551	0.00340239	0.00576026	0.00581159
ko04145: Phagosome	4.08505e-06	0.0089154	0.00448791	0.000903636	0.00762641	0.0205338	0.011993	0.0128269	0.00234086	0.00850224	0.0104441	0.0104566	0.00924581	0.0175115	0.000276042	0.0331049	0.0167426	0.0238615	0.0124501	0.0157479	0.0206132	0.0119361	0.00618025	0.0182655	0.0147202
ko04146: Peroxisome	6.23406e-05	0.00438907	0.00193212	0.000343458	0.00465233	0.00724371	0.00785698	0.00563762	0.00112335	0.00516047	0.00440802	0.00520595	0.00509555	0.0074091	0.000184444	0.00739834	0.00571456	0.00519093	0.00628149	0.00500454	0.0074992	0.00813722	0.00386163	0.00741014	0.00616157
ko04150: mTOR signaling pathway	0	0.00261222	0.00110305	0.000205771	0.00244251	0.00392296	0.00533822	0.0027605	0.000611171	0.00282289	0.00244009	0.00242692	0.00306435	0.00399601	7.03872e-05	0.00398934	0.00359436	0.00459206	0.00331521	0.00308362	0.00632641	0.00475291	0.00226317	0.00377002	0.00571849
ko04210: Apoptosis	1.46098e-08	0.00192497	0.0010408	0.000250616	0.00276525	0.00421303	0.00173552	0.00318069	0.000666511	0.00339064	0.00312924	0.00245183	0.00289718	0.00347505	6.25169e-05	0.00376516	0.00272152	0.00198752	0.00264301	0.00317811	0.00392018	0.00119498	0.00180518	0.00270382	0.00310547
ko04260: Cardiac muscle contraction	0	0.0119375	0.00449797	0.000700653	0.00823951	0.0146472	0.0155758	0.0111492	0.00280962	0.00948314	0.010647	0.0115229	0.0113128	0.0127646	0.000267432	0.0117673	0.014072	0.00893125	0.0104587	0.0106194	0.0153855	0.00206314	0.00610791	0.017185	0.0148758
ko04270: Vascular smooth muscle contraction	7.29713e-07	0.00289209	0.00170507	0.000279613	0.00197115	0.00349858	0.00438487	0.00274136	0.000770442	0.00246055	0.00259243	0.00365121	0.00290025	0.0040846	8.55583e-05	0.00294242	0.00301173	0.00335015	0.00363874	0.00328726	0.00642962	0.000595957	0.00201614	0.0053316	0.00396253
ko04310: Wnt signaling pathway	3.57845e-07	0.00229037	0.00111044	0.000233236	0.00216959	0.00350239	0.00484949	0.00274047	0.000600204	0.00262081	0.00301019	0.00254729	0.00252847	0.00465263	9.35864e-05	0.00492858	0.00394847	0.00277185	0.00433644	0.00411275	0.0051337	0.00407799	0.00247894	0.00433561	0.0033462
ko04320: Dorso-ventral axis formation	4.13896e-07	0.00159715	0.00059502	0.000168108	0.00156467	0.00259197	0.00278712	0.0023056	0.000378611	0.00250456	0.00228275	0.00167614	0.00177529	0.00371379	5.98812e-05	0.00311126	0.00238794	0.00295653	0.00228409	0.00211206	0.00339461	0.00486108	0.00144013	0.00318596	0.00247511
ko04330: Notch signaling pathway	7.50921e-05	0.00254635	0.0014584	0.000207932	0.002223	0.00557431	0.00277598	0.00362639	0.000654644	0.00280766	0.00272195	0.00333448	0.00347152	0.00446205	6.80043e-05	0.00476287	0.00380248	0.00264353	0.00372438	0.00392216	0.00425486	0.00386933	0.00236042	0.00338502	0.0051783
ko04340: Hedgehog signaling pathway	0	0.00052682	0.00022331	8.38655e-05	0.000557441	0.000775656	0.00239448	0.000813627	0.000159464	0.000787239	0.000921004	0.000687065	0.000729269	0.00135435	1.76574e-05	0.000850694	0.000703429	0.000756219	0.000830176	0.000979876	0.00157738	0.000854478	0.000773587	0.00108962	0.000961272
ko04350: TGF-beta signaling pathway	0	0.00300106	0.00203107	0.000320011	0.00242059	0.00394126	0.0072416	0.0030567	0.000785599	0.0036829	0.00382266	0.00404658	0.00349913	0.00518115	8.33624e-05	0.00560836	0.00454809	0.0037039	0.00442492	0.00640648	0.00799457	0.00431946	0.00217872	0.00633854	0.00397974
ko04360: Axon guidance	0	0.000349817	0.000270733	0.000235733	0.000318387	0.000732407	0.00117658	0.000591162	0.000560904	0.000627259	0.000630685	0.000649556	0.000526452	0.00109564	6.64667e-05	0.00120767	0.000623072	0.00101709	0.00104138	0.000970986	0.00142195	0.00103675	0.000595561	0.00111625	0.000972006
ko04370: VEGF signaling pathway	0	0.00349833	0.00135157	0.000277769	0.00245191	0.00478631	4.30678e-05	0.00334891	0.00106613	0.0030585	0.0028669	0.00382906	0.00268487	0.00344469	8.02017e-05	0.00380696	0.00378419	0.00323784	0.00261138	0.00344574	0.00535323	0.000170174	0.00189168	0.00318484	0.0042133
ko04380: Osteoclast differentiation	0	0.000154721	0.000142036	0.000291236	0.000159649	0.000394476	0.000356156	0.000287725	0.000834858	0.000260909	0.000237671	0.000178457	0.00022459	0.000583637	8.16697e-05	0.000793	0.000387412	0.000258819	0.00036894	0.000654246	0.000923072	0.00045967	0.000271661	0.000453319	0.000617034
ko04510: Focal adhesion	0	0.00241902	0.00146919	0.000328819	0.00226883	0.00393618	0.0016239	0.00303287	0.00060832	0.00293151	0.00346226	0.00342237	0.00300444	0.00689703	0.000182771	0.00559195	0.00465293	0.00484351	0.00626144	0.0099752	0.0188778	0.000632934	0.00438614	0.0107272	0.00714143
ko04512: ECM-receptor interaction	3.39302e-07	0.00156835	0.000881077	0.000303912	0.00168389	0.00255484	0.00695579	0.00175308	0.000446255	0.00245223	0.0025017	0.00204501	0.00243776	0.00858353	0.000250403	0.00615495	0.00461786	0.00664785	0.00786424	0.0169731	0.0327942	0.0108364	0.00671198	0.0150977	0.0119763
ko04514: Cell adhesion molecules (CAMs)	3.59734e-06	0.123868	0.09643	0.0392258	0.114448	0.0473832	0.0022946	0.0717844	0.0430374	0.12546	0.10957	0.112876	0.118134	0.0812108	0.0502742	0.0635765	0.0908186	0.0969742	0.112062	0.0821632	0.0805485	0.00191826	0.136541	0.0639922	0.0689244
ko04520: Adherens junction	0	0.00285787	0.00140213	0.00031345	0.00302733	0.0046614	0.000884628	0.00385217	0.000723301	0.00364443	0.0038414	0.00353845	0.0033009	0.0054381	0.000110589	0.00575369	0.00414202	0.00368702	0.00507171	0.00416613	0.00699878	0.000621466	0.00367996	0.00591619	0.00350891
ko04530: Tight junction	1.07869e-05	0.00319515	0.00172764	0.000341288	0.00271554	0.00517677	0.00399108	0.00387549	0.00070659	0.00337641	0.00401404	0.00414543	0.00362549	0.00578755	0.000138085	0.00655968	0.00514728	0.00444736	0.0052726	0.00462172	0.0080075	0.00209772	0.00347442	0.00722656	0.00436622
ko04540: Gap junction	0	0.00164078	0.000940303	0.000217985	0.00185573	0.00300742	0.000288214	0.00248968	0.000403662	0.00219696	0.00230211	0.0021163	0.00210519	0.00396813	8.67601e-05	0.00281234	0.00247612	0.00310771	0.00296023	0.00262498	0.00515118	0.000110084	0.00185308	0.00386104	0.00275577
ko04610: Complement and coagulation cascades	3.40002e-06	0.000804419	0.000437079	0.000336095	0.00082381	0.00186128	0.0015263	0.00125742	0.000724597	0.00168008	0.0013287	0.0011559	0.00135231	0.00242465	0.000125274	0.00237596	0.00107776	0.00124641	0.00227228	0.00194798	0.00209285	0.00155236	0.000883804	0.00266136	0.00543025
ko04612: Antigen processing and presentation	4.18408e-06	0.0174384	0.00666501	0.0857992	0.0102002	0.0231034	0.0105502	0.0134502	0.0982139	0.00899885	0.0106762	0.0153905	0.0147772	0.0136133	0.108006	0.0134439	0.012242	0.0151816	0.00803021	0.0182848	0.0147857	0.0141302	0.00424604	0.024371	0.0163072
ko04614: Renin-angiotensin system	0	0.00123151	0.000917001	0.000214702	0.00318604	0.00369549	0.00112511	0.00236433	0.000513621	0.00240206	0.00285041	0.00151189	0.00213862	0.00461016	3.66391e-05	0.00604689	0.00222327	0.00311869	0.00186278	0.00237402	0.00259389	0.000731633	0.00177862	0.00314826	0.00168704
ko04620: Toll-like receptor signaling pathway	0	0.00166782	0.000810942	0.000252515	0.0014454	0.00276526	0.000271527	0.00207509	0.000428746	0.00195912	0.00201987	0.00173831	0.00209693	0.00499365	0.000109328	0.00387379	0.00269085	0.00342667	0.00316258	0.00929791	0.0122932	0.000461602	0.00544173	0.00724955	0.0109128
ko04621: NOD-like receptor signaling pathway	0	0.00149137	0.000801323	0.000196172	0.0014959	0.00255887	0.00146244	0.00218326	0.000402214	0.00220551	0.00194496	0.00138272	0.00187785	0.00261551	9.02951e-05	0.00338915	0.0017579	0.00264618	0.00241146	0.00463517	0.00392163	0.00274978	0.00312141	0.00260874	0.00850186
ko04622: RIG-I-like receptor signaling pathway	5.27805e-06	0.00129544	0.000609112	0.00021463	0.00106426	0.00198911	0.00100812	0.00164486	0.000262481	0.00177847	0.00217358	0.00121875	0.00175229	0.00240855	6.74534e-05	0.00298638	0.0020139	0.00250141	0.00234756	0.00419801	0.00322313	0.000613431	0.0028388	0.0026504	0.00759638
ko04623: Cytosolic DNA-sensing pathway	5.53525e-06	0.00177223	0.000852671	0.00019269	0.00132614	0.00238138	0.000671453	0.0020171	0.000366712	0.00182258	0.00176818	0.0015073	0.00237414	0.00281024	4.20727e-05	0.00350996	0.00220483	0.00248459	0.00283114	0.0037709	0.00346775	0.000768635	0.00148866	0.00386412	0.00314548
ko04626: Plant-pathogen interaction	0.000977124	0.000244292	7.7818e-05	0.000107353	0.00180744	0.000928739	0.000336835	0.000610354	3.58456e-05	0.00016569	0.000281981	0.000230425	0.000329068	0.000303598	5.22923e-05	0.000284274	0.00049182	0.000273402	0.000265641	0.000192623	0.000242692	0.00172739	0.00186685	0.000246785	0.000200231
ko04630: Jak-STAT signaling pathway	0	0.000949712	0.00054683	0.000169687	0.00101623	0.00180722	0.00244171	0.0013357	0.000254369	0.00150166	0.00128139	0.00149851	0.00148379	0.00248519	3.20094e-05	0.0021082	0.00171415	0.0017176	0.00146209	0.00169074	0.00235509	0.00224939	0.000992279	0.00264717	0.00214191
ko04640: Hematopoietic cell lineage	0	0.00316243	0.00106401	0.000727344	0.00234938	0.00387481	0.00348571	0.00277512	0.00169625	0.00344799	0.00251284	0.00260474	0.00233628	0.00256447	0.000129928	0.0022154	0.00379466	0.0025209	0.00265276	0.00310603	0.00334354	0.00484428	0.00186053	0.00330206	0.00165956
ko04650: Natural killer cell mediated cytotoxicity	0	0.00544035	0.00300046	0.000679736	0.000399752	0.00146684	0.00165938	0.000768482	0.00179611	0.00554885	0.000549492	0.000798911	0.00670265	0.000728796	0.000134139	0.0013206	0.00084401	0.00111314	0.00641537	0.0015984	0.00173934	0.00101318	0.0003045	0.00179271	0.00118559
ko04660: T cell receptor signaling pathway	0	9.49175e-05	2.69971e-05	0.0440254	7.53076e-05	0.000167872	0.000106054	5.75752e-05	0.0481809	0.000152978	0.000136373	0.000114031	5.37994e-05	4.94578e-05	0.0564948	4.47225e-05	3.49528e-05	3.53919e-05	8.40731e-05	0.000175852	7.05627e-05	0.000104251	5.31349e-05	3.45885e-05	0.000149481
ko04662: B cell receptor signaling pathway	0	0.000196048	0.000120077	0.000945415	2.87121e-05	0.000173369	0.000103631	0	0.00206438	3.18249e-05	0	0.000230671	6.64038e-05	7.00152e-05	0.00013531	0.000217375	0.000148245	0.000184451	0.000105042	0.000199587	0.000152312	2.68706e-05	5.7826e-05	0.000204313	0.000150702
ko04664: Fc epsilon RI signaling pathway	0	4.53297e-05	4.02462e-05	0.000950591	5.80184e-05	6.55089e-05	1.85742e-05	5.85153e-05	0.00229093	0.000103773	8.18694e-05	0.000104028	5.61311e-05	6.32207e-05	0.000149065	0.000154128	6.60628e-05	5.30564e-05	8.34215e-05	8.88182e-05	0.000120458	0.000125429	7.00917e-05	0.000106886	0.000117805
ko04666: Fc gamma R-mediated phagocytosis	0	3.7456e-05	4.55829e-05	0.000888863	5.53878e-05	8.7053e-05	0.000208964	3.17549e-05	0.00215071	9.08948e-05	4.72565e-05	7.26911e-05	0.000114996	0.000102932	0.000164445	7.74255e-05	8.47353e-05	8.8121e-05	0.000200502	4.59309e-05	0.000129893	6.54032e-05	3.40522e-05	0.00019488	0.000126548
ko04670: Leukocyte transendothelial migration	0	0.000147436	4.70374e-05	0.000447335	3.89535e-05	0.000134686	0.000113648	7.58466e-05	0.00114518	0.000140991	0.00015957	0.000107802	0.000132185	0.000623349	0.000184846	0.000591312	0.000333205	0.000498043	0.000496791	0.000563932	0.00159751	0.000276914	9.02114e-05	0.001198	0.000378335
ko04672: Intestinal immune network for IgA production	0	0.301552	0.233593	0.0937791	0.282371	0.148469	0.00789261	0.197156	0.104132	0.304904	0.272626	0.281576	0.293792	0.195831	0.118962	0.187414	0.222412	0.257626	0.267023	0.192588	0	0.0104783	0.319795	0.146418	0.158116
ko04710: Circadian rhythm - mammal	0	0.000518564	0.000713727	0.000100036	0.00027793	0.000533961	0.00203985	0.000539815	0.00036234	0.00133838	0.000445823	0.000486739	0.000484832	0.00133109	2.21469e-05	0.000995823	0.000565708	0.00106387	0.00120677	0.000824653	0.00182616	0.000780036	0.000910741	0.000865515	0.00102678
ko04711: Circadian rhythm - fly	3.3918e-05	0.000192938	0.000242186	2.66406e-05	0.000344928	0.00204139	0.00126577	0.00268691	2.57219e-05	0.000425116	0.000520385	0.000456702	0.000185645	0.00108669	0.000114598	7.74629e-05	0.000374862	0.000439962	0.000399626	0.000124297	0.000287062	0.000643728	4.85163e-05	0.000640079	0.000180183
ko04712: Circadian rhythm - plant	0	8.1207e-06	1.12134e-06	1.50928e-07	1.60909e-06	6.29329e-05	1.15435e-05	4.19332e-06	1e-05	1.88156e-06	4.49411e-06	1.20436e-06	2.11657e-06	0	0	0	4.30257e-06	0	5.80122e-06	5.74113e-06	2.94177e-06	0	0	2.10159e-06	4.21688e-06
ko04720: Long-term potentiation	0	0	6.88956e-05	0.000230003	0	0	0	0	0.000565322	6.46043e-05	0	0	4.04592e-05	0	3.82079e-05	0	0	0	0	0	0	0	0	9.46537e-05	0
ko04722: Neurotrophin signaling pathway	6.34923e-06	0.000127046	8.23674e-05	0.000215224	0.000131311	0.000215277	0.000233778	0.000108152	0.00054731	0.000165595	0.000112392	0.000121076	0.000171787	0.000201037	6.77578e-05	0.00031144	0.000301905	0.000226608	0.000274556	0.000142415	0.000485389	0.000185449	0.000179155	0.000282834	0.00033429
ko04730: Long-term depression	0	9.62298e-06	6.01293e-06	0.000268289	6.38072e-06	1.3231e-05	2.05409e-05	1.13378e-05	0.000853454	7.37999e-06	9.94925e-06	1.88895e-05	1.033e-05	2.03954e-05	9.66855e-05	2.22132e-05	1.38391e-05	1.40016e-05	1.36576e-05	1.56994e-05	2.51411e-05	6.95166e-06	1.21495e-05	3.21063e-05	1.86731e-05
ko04740: Olfactory transduction	5.67116e-06	0.00794147	0.00319376	0.0012468	0.00798343	0.0214005	0.0110126	0.0133255	0.00315198	0.00568981	0.00862525	0.00889757	0.0092847	0.000123697	4.61317e-05	2.03795e-06	0.0001934	0.00114693	3.22121e-05	0.000271019	2.16837e-05	0.000635883	9.4568e-07	1.03664e-06	5.19054e-07
ko04742: Taste transduction	0	0.000588792	0.000181188	0.000261251	0.000787762	0.000909819	0.00116354	0.000846884	0.000630767	0.000424271	0.000770512	0.000586513	0.000845784	0.000556194	0	0.000621912	0.000446692	0.000763808	0.000640706	0.000640749	0.000580803	0.000542631	0.000305492	0.000734696	0.000630118
ko04744: Phototransduction	1.09664e-05	0.00194267	0.00125379	0.000153934	0.00167109	0.00381956	0.00113557	0.00257961	0.000523114	0.00241915	0.00190256	0.00246524	0.00189831	0.00315086	4.98513e-05	0.00306135	0.00216038	0.00269528	0.00296828	0.00253917	0.00436637	0.00191395	0.00200691	0.00412215	0.00370061
ko04745: Phototransduction - fly	0	0.000227299	0.000136774	2.23004e-05	0.00026349	0.000438917	0.000449725	0.00042488	8.72167e-05	0.000280866	0.000250591	0.000370734	0.000204697	0.000611056	9.04419e-06	0.000604311	0.00037179	0.000574317	0.000379471	0.000417883	0.000576093	0.000655424	0.000360063	0.000667376	0.000464058
ko04810: Regulation of actin cytoskeleton	1.55642e-06	0.00298003	0.0016676	0.000352582	0.00295243	0.00512146	0.00406653	0.00383393	0.000756299	0.00370606	0.00361237	0.00446185	0.00347572	0.00533201	0.000124392	0.00570264	0.00423701	0.00447108	0.00499382	0.00637701	0.0089349	0.00266975	0.00280589	0.00739407	0.00460336
ko04910: Insulin signaling pathway	1.71077e-05	0.00218383	0.000983588	0.000218869	0.00219802	0.00356398	0.00153757	0.00290757	0.000543479	0.00280489	0.00271831	0.0028553	0.00290573	0.00393025	7.31622e-05	0.00413194	0.00316676	0.00350776	0.0029553	0.00263027	0.0047291	0.00038271	0.00211552	0.00386371	0.00398074
ko04912: GnRH signaling pathway	0	0.00246492	0.00108952	0.000242045	0.00205922	0.00381451	5.49079e-05	0.00294105	0.000677352	0.00272362	0.00232603	0.00262072	0.00247551	0.00468569	9.14231e-05	0.00346312	0.00279633	0.00370183	0.00330829	0.00340739	0.00583282	0.000286856	0.00201044	0.00444785	0.00397526
ko04914: Progesterone-mediated oocyte maturation	2.50085e-05	0.00184278	0.000694847	0.000166796	0.0016772	0.00276264	0.00396092	0.00213159	0.000458861	0.00212838	0.00197001	0.0019401	0.00201021	0.00332165	6.92564e-05	0.00337492	0.00334593	0.00238466	0.00257047	0.00227393	0.00486144	0.00322938	0.0018603	0.0032424	0.00328862
ko04916: Melanogenesis	0	0.00186659	0.000964289	0.000229274	0.00202623	0.00361405	0.000324484	0.0026982	0.000489445	0.00250993	0.00259643	0.00225284	0.00234424	0.00411104	0	0.00350336	0.00278519	0.00311718	0.00361093	0.00292131	0.00522592	0.000225245	0.00225523	0.00383991	0.00307827
ko04920: Adipocytokine signaling pathway	0	0.00151258	0.000976242	0.000235268	0.00190161	0.00313456	0.000858123	0.00289906	0.00038505	0.00253381	0.00268026	0.00229512	0.00225193	0.00369352	6.65361e-05	0.00376359	0.0026122	0.0020851	0.00233818	0.00267251	0.00497397	0.00121115	0.00206778	0.00272906	0.00253446
ko04930: Type II diabetes mellitus	0	9.57735e-07	3.26874e-07	0.000118759	3.41575e-07	2.49771e-06	2.17346e-06	3.00625e-07	0.000285286	5.04255e-06	2.5693e-06	3.45417e-06	0	2.78852e-06	9.98739e-05	1.89961e-06	4.36928e-06	1.27841e-06	6.12698e-07	2.03151e-05	1.77902e-05	1.50679e-06	6.46859e-07	7.63646e-07	3.15423e-06
ko04940: Type I diabetes mellitus	0	0.000158166	2.1846e-05	0.146337	0.000133916	0.000151746	0.000368003	0.000114984	0.160165	0.000321997	9.37584e-05	0.000178336	0.000238836	0.000181678	0.188342	0.000308346	0.000109328	6.22233e-05	0.000258838	0.000329993	0.0010947	3.24062e-05	9.36795e-05	0.000291326	0.000136912
ko04950: Maturity onset diabetes of the young	0	0.000211641	8.00779e-05	3.1225e-05	0.00032921	0.000609086	0.000379056	0.00055128	0.00014239	0.000392982	0.00038517	0.000342663	0.000209673	0.000807515	1.10599e-05	0.000551211	0.000226576	0.000528578	0.000382257	0.00027113	0.000639387	0.000220351	0.000323579	0.000550776	0.00046107
ko04960: Aldosterone-regulated sodium reabsorption	0	0.00301681	0.000905689	0.000381715	0.00217875	0.00388281	0.00230666	0.00426491	0.00149396	0.00237848	0.00213577	0.00232356	0.00265518	0.00044422	5.50521e-05	0.00205506	0.000699711	0.000481478	0.00059893	0.000844638	0.00171845	0.00202859	0.000733258	0.00154615	0.00255619
ko04962: Vasopressin-regulated water reabsorption	0.000225907	0.00149798	0.000629369	0.000384613	0.00140533	0.00268006	0.00349538	0.00163656	0.000844449	0.00184138	0.00225871	0.0023942	0.00194505	0.00262847	0.000116973	0.00327867	0.00271485	0.00239708	0.00320289	0.00229253	0.00325065	0.00264984	0.00119876	0.00339315	0.00366335
ko04964: Proximal tubule bicarbonate reclamation	0	0.00315531	0.000733637	0.000570834	0.00230672	0.00486817	0.00334461	0.00312915	0.0014475	0.00286023	0.00309138	0.00185454	0.00217207	0.00233984	0.000114685	0.00413014	0.003631	0.00381034	0.00343602	0.00250461	0.00592586	0.00486067	0.00171654	0.00240136	0.00247599
ko04966: Collecting duct acid secretion	0	0.000110651	5.36259e-05	0.000300474	0.000122524	0.000157956	0.000490555	0.000156555	0.00133461	0.000138873	0.000173102	0.000104905	0.000172324	0.000432717	9.9193e-05	0.00051498	0.000361213	0.000335504	0.000318814	0.000292327	0.000365571	0.000494891	0.000182899	0.000243327	0.000399116
ko04970: Salivary secretion	0	0.0023799	0.000478677	0.000468615	0.00136751	0.00330551	0.00176452	0.00162384	0.000743713	0.000979974	0.00155579	0.0018267	0.0028489	0.00272469	0.000100252	0.00647964	0.00965885	0.0032454	0.00233467	0.00346133	0.00139393	0.00167329	0.00515098	0.00469961	0.00418401
ko04971: Gastric acid secretion	0	6.05411e-05	6.16949e-05	0.000250794	9.96533e-05	0.000137648	8.87774e-05	0.000151728	0.000513408	0.000139282	7.49097e-05	8.29178e-05	9.22481e-05	0.000151675	8.88626e-05	0.000294733	0.000147742	8.58314e-05	0.000145469	0.000134554	0.000217393	0.000227664	0.000104243	6.97247e-05	8.24499e-05
ko04972: Pancreatic secretion	2.24676e-05	0.00239775	0.000812848	0.00112586	0.00587262	0.0075455	0.00364241	0.0041017	0.00227213	0.00395707	0.00290085	0.00273667	0.00262387	0.00142483	0.000116633	0.00120873	0.000448085	0.000395344	0.0005125	0.000443876	0.000889242	0.000285546	0.000401571	0.000783717	0.000690085
ko04973: Carbohydrate digestion and absorption	0	0.000329786	0.000107224	0.000240957	0.000215725	0.000419843	0.000433082	0.000238719	0.000449678	0.000199024	0.000269402	0.00025858	0.000322969	0.000576342	5.97012e-05	0.000673896	0.000590006	0.000892274	0.000921078	0.000704026	0.00100042	0.000757673	0.000793384	0.000304558	0.000570222
ko04974: Protein digestion and absorption	2.64605e-05	0.00116434	0.000666713	0.000267661	0.00155991	0.00247012	0.00220354	0.00174758	0.000572937	0.00192168	0.00178759	0.00125086	0.00146646	0.0034249	0.000269568	0.00397915	0.00271482	0.00248586	0.00325125	0.00437146	0.0117868	0.0034956	0.00152723	0.00421413	0.00363221
ko04976: Bile secretion	7.25365e-06	0.000474458	7.34721e-05	0.000228518	0.000989607	0.00154657	0.000230266	0.00105172	0.000430227	0.000796096	0.00063971	0.000403637	0.000271037	0.000118316	7.31415e-05	7.37234e-05	0.00013813	0.000157833	0.000116181	0.000138051	0.000218734	0.000328195	0.000109933	6.67378e-05	0.000237158
ko05010: Alzheimer's disease	0	0.000366746	0.000218057	0.000664258	0.000413924	0.000645524	0.000674795	0.000565259	0.00271198	0.000555089	0.00053068	0.000589633	0.000518467	0.00116242	0.00025228	0.000817655	0.000609006	0.000811423	0.000788884	0.000744158	0.000923012	0.00082506	0.000666021	0.000943854	0.00100694
ko05012: Parkinson's disease	2.46948e-05	0.000243086	9.70555e-05	0.000738018	0.000224211	0.00037899	0.000590422	0.000217146	0.0029702	0.000389128	0.000230561	0.000387831	0.000240831	0.000435103	0.000285196	0.000679862	0.000534347	0.000435665	0.000465028	0.000404066	0.000888141	0.000326405	0.000293143	0.000656988	0.000498962
ko05014: Amyotrophic lateral sclerosis (ALS)	5.39173e-05	0.000234991	0.000193169	0.000292819	0.000150856	0.000309086	0.00220077	0.000156539	0.000771117	0.000203449	0.000247678	0.000522593	0.00042711	0.000605879	0.000115689	0.000201226	0.000399819	0.000420989	0.000417977	0.000265225	0.000846703	0.00016389	0.000116833	0.000994968	0.000194025
ko05016: Huntington's disease	3.76279e-08	9.02624e-05	7.63246e-05	0.000648928	0.000123643	0.000233373	0.00035178	0.000138945	0.00261961	0.000185455	0.000124697	0.000183196	0.000211241	0.000236853	0.000270354	0.000253413	0.000169157	0.00017512	0.000187355	0.000171185	0.00033225	0.000212163	0.000113005	0.000280323	0.000143764
ko05020: Prion diseases	1.71756e-05	7.17053e-05	4.8681e-05	0.000279505	3.63448e-05	6.2293e-05	0.000402402	0.000110407	0.000539256	9.78347e-05	0.000200495	0.00011691	6.46052e-05	0.000624794	0.000115532	0.000168407	5.14521e-05	0.000485957	0.000230344	9.09875e-05	0.000377185	0.000121373	0.000148276	0.000133237	0.000302984
ko05100: Bacterial invasion of epithelial cells	0	0.000385694	0.00240525	0.000501443	0.000453774	0.000776862	0.00113779	0.000433294	0.00117298	0.000778841	0.00051055	0.000453014	0.000463443	0.000647466	0.000171882	0.000643738	0.000389806	0.000627886	0.000474821	0.00050775	0.00112661	0.000466637	0.00043846	0.00070339	0.000412335
ko05110: Vibrio cholerae infection	0	0.000960841	0.000318295	5.13738e-05	0.000539685	0.00150747	0.000790744	0.00101315	0.000233191	0.000876895	0.000987126	0.000883753	0.000854266	0.00129799	2.34074e-05	0.00134023	0.00081866	0.00110437	0.00081954	0.00125648	0.00178968	0.00147319	0.00102278	0.000887677	0.00221894
ko05111: Vibrio cholerae pathogenic cycle	0.000173705	0.000137961	5.90124e-05	1.0852e-05	7.49942e-05	0.000178452	0.000431357	0.000133614	3.30582e-05	5.26348e-05	0.000199965	0.00017857	0.000142564	5.96571e-05	1.92051e-05	5.18275e-05	0.000116224	0.000151912	0.000107311	0.000229101	0.00013744	0.000583868	0.000109089	0.000109439	0.000371549
ko05120: Epithelial cell signaling in Helicobacter pylori infection	0.00136576	2.13636e-05	2.46509e-05	3.11986e-06	0.000100932	4.09603e-05	0.00017938	0.000125141	5.25121e-06	3.71955e-05	9.49364e-05	7.50926e-05	3.30791e-05	5.43548e-05	5.65685e-06	6.09639e-05	4.48318e-05	7.90194e-05	2.77742e-05	5.19648e-06	7.2683e-05	0.000113224	6.37239e-05	5.11501e-05	4.32789e-05
ko05130: Pathogenic Escherichia coli infection	3.04071e-08	8.30493e-05	5.09959e-05	2.59484e-05	0.000136068	0.000219649	0.000116671	0.000121422	2.77983e-05	0.000253329	0.000239754	0.000118391	9.73406e-05	0.000394469	5.30397e-06	0.000361003	0.000119844	0.000190779	0.000320698	0.000250595	0.000203983	0.000312996	0.000257373	0.000277284	0.000176263
ko05131: Shigellosis	0	0	0	0	2.20111e-07	0	0	0	1.75859e-07	2.45081e-07	8.65772e-07	0	0	0	0	7.00285e-07	0	0	0	0	0	0	0	0	0
ko05140: Leishmaniasis	0	1.20595e-05	0.00399135	0.000885633	8.1597e-07	1.57449e-05	0	1.18984e-05	0.00196455	1.46517e-05	1.01937e-06	9.44027e-07	1.81715e-05	6.11566e-05	0.000148932	3.57524e-06	1.50523e-05	1.72847e-06	1.4065e-06	7.76611e-05	0.000116918	2.72066e-05	1.7757e-05	4.07209e-05	1.99418e-06
ko05142: Chagas disease (American trypanosomiasis)	0	0.000203849	0.106134	0.0430621	0.000100476	6.6821e-05	4.65538e-07	0.000143401	0.0472596	8.45485e-05	3.81729e-05	5.78155e-05	0.000295302	6.48857e-05	0.0552182	0.000612054	0.000232683	4.97638e-05	0.000434999	0.000134902	6.51412e-05	5.61409e-05	1.86608e-05	0.00020043	6.08863e-05
ko05143: African trypanosomiasis	1.21385e-06	6.2354e-07	0.00473742	0.000954361	5.24293e-05	4.14865e-07	0.000258765	1.91331e-05	0.00191885	0.000158789	0.000279598	0.000130948	6.15669e-05	5.41868e-06	0.000125672	0.000153278	1.08841e-06	4.07778e-06	0.00011151	3.25964e-05	6.31235e-05	2.76e-07	1.55143e-06	1.35144e-05	0.00031784
ko05144: Malaria	2.13198e-06	0.00170161	0.139292	0.0567492	0.00109178	0.00238207	0.00181488	0.00134095	0.0619716	0.00194536	0.00150193	0.00234374	0.00139646	0.00133471	0.0729147	0.00179024	0.0013972	0.00189845	0.00115684	0.00136008	0.00305071	0.0021807	0.000818921	0.00197756	0.00139512
ko05145: Toxoplasmosis	4.80552e-06	0.000147105	0.00101124	0.000285432	0.000113256	0.000219948	0.000322436	0.000131173	0.000619606	0.000142989	0.000131771	0.000127975	0.000126808	0.000107296	6.91356e-05	0.000140598	0.000177428	0.000107001	0.000160406	0.000195115	0.000343564	0.000201304	0.000119506	0.000201551	0.000202011
ko05146: Amoebiasis	0	0.000538777	0.00294576	0.000635641	0.000523237	0.000594476	0.000450424	0.000735241	0.00120772	0.00028952	0.000694176	0.000322754	0.000521397	0.000225826	0.00023487	0.000182558	0.000313807	0.000319724	0.000195124	0.000147823	0.000132307	0.000602564	0.000170569	9.11513e-05	0.00103325
ko05150: Staphylococcus aureus infection	2.30901e-05	0.000372349	0.132583	0.0536897	0.000299772	0.000607733	0.000821666	0.00100632	0.0589276	0.000382633	0.000445771	0.000576008	0.000303626	0.00156991	0.0685316	0.00151408	0.00126788	0.00144374	0.000885836	0.00190373	0.0044871	0.000830235	0.000390591	0.00223953	0.00132842
ko05160: Hepatitis C	0	0.000120515	5.10445e-05	0.00037446	0.000175619	0.000217445	0.000242267	0.000185795	0.000831056	0.00011862	7.52121e-05	0.000158142	0.000194044	0.000274177	0.000114447	0.000380159	0.000234191	0.000220926	0.000242098	0.000156756	0.000209762	0.000114031	6.13884e-05	0.00022066	0.000210389
ko05200: Pathways in cancer	1.29872e-07	0.000168025	7.30377e-05	0.000229818	0.000194659	0.000275148	0.000352011	0.000206463	0.000461535	0.000314094	0.000209631	0.00026302	0.000208564	0.000235685	0.000109023	0.000287546	0.000215659	0.000335142	0.000266942	0.000191262	0.000416957	0.000344948	0.000161906	0.000264769	0.000242665
ko05210: Colorectal cancer	0	0	0	0.000288693	0	0	0	0	0.000743787	0	0	0	0	0	0.000110569	0	0	0	0	0	0	0	0	0	0
ko05211: Renal cell carcinoma	0	1.31971e-05	0	0.000203253	0	1.58989e-05	0	3.00456e-05	0.000554277	3.54011e-05	2.03737e-05	1.60092e-05	1.02452e-05	0	8.52185e-05	2.56921e-05	0	2.52417e-05	4.2532e-05	0	2.11929e-05	3.9763e-05	0	2.50963e-05	0
ko05212: Pancreatic cancer	0	0	0	0.000203664	0	0	0	0	0.00047619	0	0	0	0	0	7.57505e-05	0	0	0	0	0	0	0	0	0	0
ko05213: Endometrial cancer	0	0	0	0.000309714	0	0	0	0	0.0006493	0	0	0	0	0	0.000109074	0	0	0	0	0	0	0	0	0	0
ko05214: Glioma	0	0	0	0.000207704	0	0	0	0	0.000456315	0	0	0	0	0	7.51818e-05	0	0	0	0	0	0	0	0	0	0
ko05215: Prostate cancer	0	1.11083e-05	5.54398e-06	0.000220793	1.69706e-05	1.6862e-05	4.78184e-07	9.84096e-06	0.000402603	3.79826e-06	1.10137e-05	1.58775e-05	2.92165e-05	3.29409e-05	7.68909e-05	1.03687e-05	1.63958e-06	1.02262e-06	2.34098e-06	5.7129e-07	1.43183e-05	1.66457e-05	4.41081e-06	4.73757e-07	3.66355e-05
ko05216: Thyroid cancer	0	0.000150048	8.43206e-05	0.000351876	0.000342393	0.000469851	0.000842154	0.000324213	0.000635859	0.000427972	0.000531251	0.000394714	0.000510623	0.000249644	0.000124119	0.000294141	0.000374869	0.000214701	0.000498588	0.000235833	0.000854561	0.000340959	0.000403835	0.000406036	0.000146147
ko05218: Melanoma	0	0	0	0.000201689	0	0	0	0	0.000438132	0	0	0	0	0	8.09926e-05	0	0	0	0	0	0	0	0	0	0
ko05219: Bladder cancer	0	0	0	0.000185598	0	0	0	0	0.000468133	0	0	0	0	0	0.00018984	0	0	0	0	0	0	0	0	0	0
ko05220: Chronic myeloid leukemia	0	0	0	0.000188255	0	0	0	0	0.000445599	0	0	0	0	0	6.73783e-05	0	0	0	0	0	0	0	0	0	0
ko05221: Acute myeloid leukemia	0	0.000191056	4.73861e-05	0.000192103	0.000214073	0.000375453	0.000321838	0.000268334	0.000443349	0.000222791	0.000355299	0.000215839	0.000242351	0.000538307	7.12791e-05	0.000640318	0.000490201	0.000461903	0.000490869	0.0004804	0.000650061	0.0004016	0.000311714	0.000538631	0.000283086
ko05222: Small cell lung cancer	0	0	0	0.000235726	0	0	0	0	0.000397135	0	0	0	0	0	0.000131335	0	0	0	0	0	0	0	0	0	0
ko05223: Non-small cell lung cancer	0	0	0	0.000167131	0	0	0	0	0.000415989	0	0	0	0	0	5.87347e-05	0	0	0	0	0	0	0	0	0	0
ko05310: Asthma	0	0	0	0.176953	0	1.47153e-05	0	0	0	0	1.18351e-05	0	0	0.000149944	0	0	0	0	0	0	0	0	0	0	0
ko05320: Autoimmune thyroid disease	0	0	0	0	0	0	0	0	0	0	0	0	0	0	0	9.59998e-06	9.47699e-06	0	1.53921e-05	0	7.93841e-06	0	0	0	0
ko05322: Systemic lupus erythematosus	1.28639e-06	0.000201872	0.000166793	0.0771079	0.000125324	0.00033012	0.00115499	0.000234235	0.0847563	0.000340814	0.000336265	0.000455727	0.000300468	0.000177031	0.0983448	0.000434777	0.000327504	0.000340299	0.000246412	0.000278874	0.000472217	0.000589059	0.000163665	0.000586947	0.000166428
ko05340: Primary immunodeficiency	0	0.000234452	0.000251856	0.0010257	0.000210613	0.000417928	0.000299273	0.000363462	0.00212878	0.000304501	0.000286168	0.000554655	0.000448942	0.000425809	0	0.000743734	0.000529781	0.00051968	0.000266819	0	0.00070709	0	0	0.000373821	0.000420635
ko05410: Hypertrophic cardiomyopathy (HCM)	0	0	0	0.00042433	0	0	0	0	0.000477795	0	0	0	0	0	0.000103984	0	0	0	0	0	0	0	0	0	0
ko05412: Arrhythmogenic right ventricular cardiomyopathy (ARVC)	1.52921e-07	0.000211924	0.000107006	0.000421835	0.00046363	0.000474138	0.000608243	0.000433818	0.000559535	0.000607057	0.000572095	0.000229831	0.000493257	0.000303226	0.000119611	0.000376547	0.00025662	0.000235969	0.000321491	0.000294322	0.000267337	0.000527456	0.000341725	0.000133909	0.000275938
ko05414: Dilated cardiomyopathy	0	0.00044191	0.000489321	0.000765115	0.000156084	0.000377938	0.00622273	0.000218218	0.00118487	0.000267733	0.000609435	0.00145096	0.000803688	0.000700687	0.000151457	0.00062323	0.000560371	0.00115691	0.000980756	0.000738372	0.00101179	0.000476226	0.000263829	0.00282782	0.000725097
ko05416: Viral myocarditis	0	0.000445772	0.000131288	0.0933863	0.000105132	0.000459175	0.000746328	0.000322882	0.103089	0.00113723	0.000870355	0.000285967	0.000343142	0.000743975	0.119064	0.000435683	0.000804461	0.000460902	0.000508821	0.00112763	0.000613042	0.000990295	0.000603743	0.000422258	0.00518489
