kegg_modules	SRR317085	SRR317086	SRR317087	SRR317088	SRR317089	SRR317090	SRR317091	SRR317092	SRR317093	SRR317094	SRR317095	SRR317096	SRR317097	SRR317098	SRR317099	SRR317100	SRR317101	SRR317102	SRR317103	SRR317104	SRR317105	SRR317106	SRR317107	SRR317108	SRR317109
M00001: Glycolysis (Embden-Meyerhof pathway), glucose => pyruvate	0.0758946	0.0351206	0.023186	0.0321615	0.0339693	0.0392619	0.024573	0.0345886	0.0417607	0.0304546	0.0260696	0.0298063	0.0333837	0.0471392	0.0258408	0.0387181	0.0424314	0.0323164	0.0562383	0.0626729	0.0426803	0.0439572	0.0617651	0.0398161	0.0490389
M00002: Glycolysis, core module involving three-carbon compounds	0.072248	0.0335808	0.021536	0.0320519	0.0444494	0.037396	0.0262891	0.0323925	0.0431576	0.0244398	0.0234739	0.0294731	0.0330253	0.0392778	0.0260489	0.0323478	0.0476882	0.0396799	0.0472779	0.0517928	0.039554	0.0493576	0.0624659	0.0446507	0.0469145
M00003: Gluconeogenesis, oxaloacetate => fructose-6P	0.0681858	0.0246552	0.0219823	0.0160541	0.0298112	0.0369328	0.0205129	0.029749	0.0398185	0.0279976	0.0286661	0.0261686	0.0260924	0.0255792	0.0204892	0.0297186	0.0274483	0.0319939	0.0291887	0.050374	0.0309516	0.0314079	0.0304166	0.0384251	0.0346327
M00004: Pentose phosphate pathway (Pentose phosphate cycle)	0	0.0252839	0.0337623	0	0.0206151	0.0306292	0.0212619	0.0291094	0	0	0.0326587	0.0435848	0.0186024	0.0522366	0.0230442	0.0220037	0.0332281	0.0322311	0	0.0554526	0.0399925	0.0222529	0.0230482	0.0350338	0.0273676
M00006: Pentose phosphate pathway, oxidative phase, glucose 6P => ribulose 5P	0	0.0407391	0.0450348	0.000215233	0.0187327	0.0330596	0.0202263	0.0409525	0.00671437	0.0217232	0.0480807	0.040332	0.0275704	0.0607381	0.0304141	0.014109	0.0353076	0.0470389	0.0683273	0.0653142	0.0332508	0.0142352	0.0197208	0.0633593	0.0268851
M00007: Pentose phosphate pathway, non-oxidative phase, fructose 6P => ribose 5P	7.44779e-05	0.0178934	0.0267256	0	0.0228992	0.0284977	0.0223875	0.0225338	0	0	0.0242844	0.0473461	0.0136332	0.0456704	0.0184014	0.042574	0.0313603	0.0241074	0	0.0480575	0.0496573	0.0446966	0.0275784	0.0236794	0.0278646
M00008: Entner-Doudoroff pathway, glucose-6P => glyceraldehyde-3P + pyruvate	0	0.0249163	0.0213489	0	9.84998e-05	0.00857044	0.0149208	0.0173479	0.0129981	0.00897822	0.0103206	0.0137437	0.0185651	0	0.0198537	0.0158683	0.0281758	0	0	0	0.0111218	0	0	0	0
M00009: Citrate cycle (TCA cycle, Krebs cycle)	0	0.040684	0	0.0348255	7.72254e-05	0	0.0300533	0.0295608	0.0469807	0.0485231	0	0	0	0	0	0.0356865	0.0260201	0.0379876	0	0	0	0	0.00863229	0.0277581	0
M00011: Citrate cycle, second carbon oxidation	0	0.0410947	0	0.031972	0.0149538	0	0.03452	0.0280248	0.0495616	0.0452671	0	0	0.0362204	0	0	0.0331761	0.0217488	0.0303862	0	0	0.0190111	0.0248617	0.00587759	0.0299732	0.0401439
M00012: Glyoxylate cycle	0	0.0275596	0.0270256	0.00919649	0.00737114	0.0105288	0.0205583	0.0112692	0.0170307	0.012025	0.0155051	0.0275836	0.018815	0.0385524	0.0215667	0.0168283	0.0226989	0.0270194	0.0117058	0.0133411	3.33586e-06	3.69142e-05	0.00393695	0.0200929	0.01732
M00013: Malonate semialdehyde pathway, propanoyl-CoA => Acetyl-CoA	0	0	0	0	7.19645e-06	0.000288226	0	1.82518e-05	0.000105473	6.95622e-05	0	0.00040593	9.08909e-05	0	0	0	0	0	0.000504342	0	6.00252e-06	0	0	0	0
M00014: Glucuronate pathway (uronate pathway)	0	0	0.00852028	0	0.000794762	0.0121013	0.0026104	0.00101794	0.0302014	0.00181553	0.00150927	0.00244902	0.000860822	0.00902723	0.00126808	0.00613656	0	0.00681792	0.022988	0.00176074	0.0163025	0.00235107	0.0063201	0.00799046	0.0165651
M00016: Lysine biosynthesis, aspartate => lysine	0	0	0	0.0108399	0.00641522	0	0	0.0161599	0	0.00125558	0.00972907	0.0167374	0.00833712	0	0.0118325	0.0131415	0.013239	0.00950397	0.00669913	0	0.00716361	0.0140387	0	0	0.0110896
M00017: Methionine biosynthesis, apartate => homoserine => methionine	0	0	0	0	0.00747823	0	0	0	0	0	0	0	0	0	0	0	0.0122582	0	0	0	0	0	0.00933329	0	0
M00018: Threonine biosynthesis, apartate => homoserine => threonine	0	0.022624	0.0175637	0.014663	0.0118074	0.00569693	0.0144865	0.0192281	0	0.00871773	0.0195133	0.0251533	0.0197	0	0.0178491	0.0118046	0.0159974	0.0175833	0	0.0157221	0.0140992	0.0165924	0.00830502	0.0189153	0
M00019: Leucine biosynthesis, pyruvate => 2-oxoisovalerate => leucine	0	0	0	0	0	0	0	0	0	0	0	0	0	0	0	0	0	0	0	0	0	0	0	0	0
M00022: Shikimate pathway, phosphoenolpyruvate + erythrose-4P => chorismate	0.0264527	0.000209254	0.0108467	0	0	0.00784084	0.0124495	0.020748	0.00120286	0	0	0.00218495	0	0.000965258	0.0219514	0	0.00744218	0.0138964	0	0.00384678	0	0.0125582	0.00859441	0.00618223	0.000485595
M00025: Tyrosine biosynthesis, chorismate => tyrosine	0.000116864	0.00951419	0.0159294	0.00621308	0.00614557	1.5766e-05	0.00424482	0.00709299	0.00772955	0.0021012	0.011459	0.0125327	0.00858314	0	0.0130877	0.0123858	0.00448852	0	0.000982146	0.0134755	0	0.00505652	0.00435353	0.00177059	0.0064489
M00026: Histidine biosynthesis, PRPP => histidine	0	0	0	0.00191689	0.00503366	0.000280213	0	2.79817e-05	0	0.00239836	3.15938e-06	0.00249993	0	0	0.00500191	0	0	0.014692	0	0	0.00198517	0	0	0.00294812	0
M00028: Ornithine biosynthesis, glutamate => ornithine	0	0	0.000424983	0.00249485	0.00594505	0.00842586	0.0215389	0.0143335	0.0205138	3.59737e-06	0.0171154	0.0273552	0.00784096	0	0.019626	0	0.0151514	0.0062946	0	0.000645159	0.000447368	0	0	0.00411744	0.00375333
M00029: Urea cycle	5.41638e-05	0.000173748	1.31945e-05	0	1.20663e-05	6.25852e-05	8.49724e-06	4.86445e-05	0	8.73659e-06	0.00169526	0	5.73018e-06	0	0.000203445	0	0.000145918	0	0.000849009	0	0.00563993	0.000732898	0.0056713	0	0
M00030: Lysine biosynthesis, 2-oxoglutarate => 2-aminoadipate => lysine	0	0	0	0	0	0	0	0	0	0	0	0	0	0	0	0	0	0	0	0	0	0	0	0	0
M00031: Lysine biosynthesis, archaea, 2-aminoadipate => lysine	0	0	0	0	0	0	0	0	0	0	0	0	0	0	0	0	0	0	0	0	0	0	0	0	0
M00032: Lysine degradation, lysine => saccharopine => acetoacetyl-CoA	0	0	0	0.00577735	0	0	0.00432995	0	0	0	0	0.00556789	0	0	0	0	0	0	0.0120245	0	0	0	0	0.00518507	0
M00033: Ectoine biosynthesis	0	0	0	0	0	0	0	0	0	0	0	0	0	0	0	0	0	0	0	0	0	0	0	0	0
M00034: Methionine salvage pathway	0	0	0	0	0	0.00806746	0	0	0	0	0	0.00880472	0.0102458	0	0	0	0	0	0	0	0	0	0	0	0
M00035: Methionine degradation	0	0.00966678	0.0136519	0.00789436	0.00718636	0.00658164	0.0105226	0.0039721	0.00185153	0.0102442	0.0190103	0.00906033	0.00437968	0.0194655	0.0122142	0.00910354	0.012252	0.0139297	0.0164037	0.0105549	0.0109774	0.0154325	0.00348571	0.00538305	0.0041206
M00036: Leucine degradation, leucine => acetoacetate + acetyl-CoA	4.70648e-11	0.0253151	0.0221499	0.0177878	0.0145139	0.0273949	0.0137175	0.014487	0.0214749	0.0236448	0.0164715	0.0251368	0.0288631	0.0367102	0.00883083	0.0203693	0.0142116	0.0123519	0.022564	0.0350914	0.0227362	0.00988908	0.00957712	0.00995739	0.0271022
M00037: Melatonin biosynthesis, tryptophan => serotonin => melatonin	0	0	0	0	0	0	0	0	0	0	0	0	0	0	0	0	0	0	0	0	0	0	0	0	0
M00038: Tryptophan metabolism, tryptophan => kynurenine => 2-aminomuconate	0	0	0	0	0	0	0	0	0	0	0	0	0	0	0	0	0	0	0	0	0	0	0	0	0
M00039: Lignin biosynthesis, cinnamate => lignin	0	0	0	0	0	0	0	0	0	0	0	0	0	0	0	0	0	0	0	0	0	0	0	0	0
M00042: Catecholamine biosynthesis, tyrosine => dopamine => noradrenaline => adrenaline	0	0	0	0	0	0	0	0	0	0	0	0	0	0	0	0	0	0	0	0	0	0	0	0	0
M00044: Tyrosine degradation, tyrosine => homogentisate	0	0	0	0	0	0	0	0	0	0	0	0	0	0	0	0	0	0	0	0	0	0	0	0	0
M00045: Histidine degradation, histidine => N-formiminoglutamate => glutamate	0.0678451	0.0110508	0	0.0169242	0.00118825	0.0135531	0.0047747	0.0254043	0	0	0.00980372	0.0121309	0.014152	0	0.0249269	0	0	0.00956078	0.00737849	0	0.00659928	0.014609	0.0123793	0.00588071	0
M00046: beta-Alanine biosynthesis, cytosine / uracil => beta-alanine	0	0.00502639	0	0	0.00774071	0.0117337	0.0213054	0.00482596	0.0121591	0.00789094	0.0120305	0.0226119	0.00706449	0.012859	0.0212252	0.00345464	0	0.0170996	0.00416195	0	0.00909191	0.00367615	0.00277971	0.0156432	3.89006e-05
M00048: Inosine monophosphate biosynthesis, PRPP + glutamine => IMP	0.00144487	0.00939161	0.0211228	0.0015299	0.0138322	0.0149855	0.0141988	0.0300324	0.016764	0.00741159	0.00806759	0.0198807	0.0214418	0.0142318	0.0278349	0.0147762	0.000841691	0.00464705	0.00111589	0	0.00929024	0.0215965	0.0125238	0	0
M00049: Adenine nucleotide biosynthesis, IMP => ADP/dADP,ATP/dATP	0.000629188	0.00763105	0.0230303	0.0201311	0.0245886	0.012201	0	0.0226303	0	0	0	0.0166923	0.0112977	0	0.0337367	0.0112886	0.0276596	0.0106089	0.0122167	0.0207173	0	0.0197382	0.0241389	0.00631762	0.00813058
M00050: Guanine nucleotide biosynthesis, IMP => GDP/dGDP,GTP/dGTP	0.00062802	0.00847827	0.0245767	0.0186841	0.0274964	0.0135006	0	0.023286	0	0	0	0.0180087	0.0124102	0	0.040314	0.020328	0.0273829	0.0154554	0.0158546	0.027698	0	0.0224211	0.0328402	0.00972111	0.0158955
M00051: Uridine monophosphate biosynthesis, glutamine (+ PRPP) => UMP	0.00632535	0.00144482	0.00198418	0.00997641	0.0106018	0.00177573	0.00105495	0.00530736	0.00617833	0.00309054	0.0053255	0.00174809	0.00150757	0.0132337	0.00423786	0.00729609	0.0072188	0.00624063	0.00746289	0	0.0045096	0.00780486	0.01943	0.00447944	0.00618214
M00053: Pyrimidine deoxyribonuleotide biosynthesis, CDP/CTP => dCDP/dCTP,dTDP/dTTP	0	0.0103088	0	0	0.0158519	0.0114284	0	0.0170359	0	0	0	0	0.0121184	0	0	0	0.0163933	0	0.0149826	0	0	0	0.0228289	0.00958193	0.00324297
M00055: N-glycan precursor biosynthesis	0	0	0	0	0	0	0	0	0	0	0	0	0	0	0	0	0	0	0	0	0	0	0	0	0
M00056: O-glycan biosynthesis, mucin type core	0	0.00144988	0	0	0	0	0	0	0	0	0	0	0	0	0	0	0	0	0	0	0	0	0	0	0
M00057: Glycosaminoglycan biosynthesis, linkage tetrasaccharide	0	2.79173e-05	0	0	0	4.75941e-05	0	0	0	0	0	0	1.58305e-05	0	0	0	0	0	0	0	0	0	0	0	0
M00059: Glycosaminoglycan biosynthesis, heparan sulfate backbone	0	0	0	0	0	0	0.000555855	0	0	0.000815974	0	0	0.00296614	0.00148421	0	0.00248658	0.00191015	0	0.00370151	0	0	0	0.00127414	0	0
M00060: Lipopolysaccharide biosynthesis, KDO2-lipid A	0	0	0	0	0	0	0.00278635	0	0	0	0	0	0	0	0	0	0	0	0	0	0	0	0	0	0
M00061: Uronic acid metabolism	0	0	0	0	0	0	0	0	0	0	0	0	0	0	0	0	0	0	0	0	0	0	0	0	0
M00064: ADP-L-glycero-D-manno-heptose biosynthesis	0.0269587	0	0	0	0.00369085	0	0	0	0	0	0	0	0	0	0.0110283	0	0	0	0	0	0	0	0	0	0.00988126
M00065: GPI-anchor biosynthesis, core oligosaccharide	0	0	0	0	0	0	0	0	0	0	0	0	0	0	0	0	0	0	0	0	0	0	0	0	0
M00072: Oligosaccharyltransferase	0	0.0663076	0.103391	0.0776835	0.0400753	0.0799776	0.0602049	0.0433594	0.127871	0.151266	0.123451	0.0724975	0.10417	0.143422	0.0162969	0.1359	0.0890402	0.0920018	0.151526	0.156089	0.109921	0.044969	0.057825	0.0896078	0.14259
M00074: N-glycan biosynthesis, high-mannose type	0	0	0	0	0	0	0	0	0	0	0	0	0	0	0	0	0	0	0	0	0	0	0	0	0
M00075: N-glycan biosynthesis, complex type	0	0	0	0	0	0	0	0	0	0	0	0	0	0	0	0	0	0	0	0	0.00625183	0	0	0	0
M00076: Dermatan sulfate degradation	0	0	0	0	0	0	7.62083e-06	0	0	0.000250814	0	0	0	0	0	0.0028632	0	0	0	0	0.00245929	0	0	0.0029987	0.00132255
M00077: Chondroitin sulfate degradation	0	0	2.51479e-05	0.00147673	0.000503008	3.46607e-05	1.93913e-06	0.000306435	5.3343e-05	3.0429e-05	0.000746635	2.98989e-05	0.000654784	0.0004178	0	0.00222478	0.000586723	0	0.0040093	0.000261989	0.00319405	0.000357517	0.000582287	0.002553	0.000231614
M00078: Heparan sulfate degradation	0	0	0	0	0	0	0	0	0	0	0	0	0	0	0	0	0	0	0	0	0	0	0	0	0
M00079: Keratan sulfate degradation	0	0	0.00312841	0.0125348	0.0038722	4.43495e-05	1.20275e-05	0.000928489	0.00772011	6.50785e-05	0.0124177	0.000416987	0.0184431	0.0360156	0	0.0167491	0.00116662	0	0.0303515	0.0277498	0.00942195	0.00745689	0.00268576	0.0082214	0.00045689
M00080: Lipopolysaccharide biosynthesis, inner core => outer core => O-antigen	0	0	0	0	0	0	0	0	0	0	0	0	0	0	0	0	0	0	0	0	0	0	0	0	0
M00082: Fatty acid biosynthesis, initiation	0	0	0	0	0	0	0	0	0	0	0	0	0	0	0	0	0	0	0	0	0	0	0	0	0
M00088: Ketone body biosynthesis, acetyl-CoA => acetoacetate/3-hydroxybutyrate/acetone	0	0	0	0	0	0	0	0	0	0	0	0	0	0	0	0	0	0	0	0	0	0	0	0	0
M00089: Triacylglycerol biosynthesis	0	0.0310448	0.0320034	0.0322288	0.0270662	0.0466221	0.0101355	0.022738	0.0423411	0.0442714	0.0438076	0.0325513	0.0320423	0.0333628	0.0165066	0.027692	0.0170273	0.046977	0.0442175	0.0346157	0.0363795	0.018929	0.0136159	0.0194749	0.0377143
M00094: Ceramide biosynthesis	0	0	2.38138e-06	0.000117163	0.00108332	0.00208664	1.09258e-05	3.29079e-05	0	0	0.00518688	0	0	0	0	9.62369e-06	0	0.00612746	0	0	0	1.92905e-06	0	1.7406e-06	0.0109849
M00095: C5 isoprenoid biosynthesis, mevalonate pathway	0	0	0.0169249	0	0.00363461	0.0143449	0	0.0186844	0.0179545	0.00994574	0.0132231	0	0	0.0199876	0	0	0.0172613	0	0.0213502	0	0	0	0.00538404	0	0.0125465
M00096: C5 isoprenoid biosynthesis, non-mevalonate pathway	1.63044e-06	0.00963172	0.0187111	0	0.0121036	0.0118366	0.00150648	0.0111982	0.000986543	3.49947e-05	0.00901006	0.000755178	0.00798417	0	0.0143292	0	0	0	0	0	0	0.00955942	0.00910885	0.00975785	0.0107432
M00099: Sphingosine biosynthesis	0	0	3.66231e-06	0.000172506	0.00148464	0.00288538	1.67912e-05	4.99324e-05	0	0	0.00676283	0	0	0	0	1.46855e-05	0	0.00768426	0	0	0	2.96532e-06	0	2.68671e-06	0.0140608
M00101: Cholesterol biosynthesis, FPP => cholesterol	0	0	0	0	9.04164e-05	6.52621e-05	6.35357e-06	0	0	0	0	6.30086e-05	0	0	0	0	0	0	0	0	0	0	0	0.00017845	0
M00102: Ergocalciferol biosynthesis	0	0	0	0	0	0	0	0	0	0	0	0	0	0	0	0	0	0	0	0	0	0	0	0	0
M00104: Bile acid biosynthesis, cholesterol => cholate	0	0	0	0	0	0	0	0	0	0	0	0	0	0	0	0	0	0	0.00114857	0	0	0	0	0	0
M00105: Bile acid biosynthesis, cholesterol => chenodeoxycholate	0	0	0	0	0	0	0	0	0	0	0	0	0	0	0	0	0	0	0.00141152	0	0	0	0	0	0
M00109: C21-Steroid hormone biosynthesis, progesterone => cortisol/cortisone	0	0	0	0	0	0	0	0	0	0	0	0	0	0	0	0	0	0	0	0	0	0	0	0	0
M00113: Jasmonic acid biosynthesis	0	0	0	0	0	0	0	0	0	0	0	0	0	0	0	0	0	0	0	0	0	0	0	0	0
M00114: Ascorbate biosynthesis, plants, glucose-6P => ascorbate	0	0	0	0	0	0	0	0	0	0	0	0	0	0	0	0	0	0	0	0	0	0	0	0	0
M00115: NAD biosynthesis, aspartate => NAD	0.036821	0.0292143	0.0120793	0.00553815	0.0131731	0.0087722	0.00622233	0.00282411	0	0.00320464	0.00521032	0.014384	0.00124744	0	1.81669e-05	0	0	0.000170787	0	9.44676e-06	0.0152845	0.0176229	0.00793663	0.0070745	0.00645314
M00116: Menaquinone biosynthesis, chorismate => menaquinone	0	0	0	0	0	0	0	0	0	0	0	0	0	0	0	0	0	0	0	0	0	0	0	0	0
M00117: Ubiquinone biosynthesis, prokaryotes, chorismate => ubiquinone	0	0.00456342	0	0	0	0	0	0	0	0.00078972	0	0	0.0040872	0	0	0	0	0	0	0	0.00118189	0	0	0	0
M00119: Pantothenate biosynthesis, valine/L-aspartate => pantothenate	0	0	0	0	0.0135089	0	0	0.0127729	0	0	0	0	0	0	0	0	0.0077105	0.00960851	0	0	0	0	0.0123732	0	0
M00121: Heme biosynthesis, glutamate => protoheme/siroheme	0	0	0.0151721	0	0.00628442	0.0111652	0.000554607	0.0175448	0	0	0	0.0159899	0.0162695	0	0.0112229	0.0121308	0.0133831	0.0107021	0	0.0178997	0	0.0138052	0.00928557	0	0
M00122: Cobalamin biosynthesis, cobinamide => cobalamin	0	0	0	0	0	0	0	0	0	0	0	0	0	0	0	0	0	0	0	0	0	0	0	0	0
M00123: Biotin biosynthesis, pimeloyl-CoA => biotin	0.0453945	0.00734418	0	0	0.00458192	0.0102311	0.0103084	0.00159779	0	0	0	0.00706128	0	0	0.0135662	0.00548385	0	0.010032	0	0	0.00562444	0.0218726	0.00688047	0	0.00785505
M00124: Pyridoxal biosynthesis, erythrose-4P => pyridoxal-5P	0	0.00628834	0	0	0.0057883	0.00541531	0.00711528	0	0	0	0.00853455	0	0.00941315	0	0.00890664	0	0.000108749	0.000271616	0.00038694	0	0	0.0128734	0.00492375	0.0068137	0
M00125: Riboflavin biosynthesis, GTP => riboflavin/FMN/FAD	0.0830393	0.015611	0.000677994	0.0144924	0.0106967	0	0.0199046	0.0168994	0.00894034	0	0.00231182	0.0164628	0.0186461	0	0.0126659	0.0054658	0.00702922	0.0173449	0.00593227	0	0.0012829	0.00868403	0.000970446	0	0.00856973
M00126: Tetrahydrofolate biosynthesis, GTP => THF	0	0.0107974	0.0334621	3.9359e-05	0.00594666	0.0149289	0.018141	0.0126612	0.0203722	0.00183532	0.000362267	0.0239678	0.0179089	0	0.0218591	0	0	0	0.011795	0	0	0.0318317	0	0.00016043	0.00843951
M00127: Thiamine biosynthesis, AIR => thiamine-P/thiamine-2P	0	0.00603782	0	0	3.07717e-05	0.000285556	5.65817e-06	0.00486086	5.56629e-05	3.83853e-05	0	0	2.40772e-05	0	5.44106e-05	0	7.31209e-05	0	0	6.645e-05	0.000171082	3.54024e-06	0.00810624	0	0.00438024
M00128: Ubiquinone biosynthesis, eukaryotes, chorismate => ubiquinone	0	0.00623234	0.00530454	0	0.00227618	0	0.000910681	0	0	0.00112203	0	0	0.00743957	0	0	0	0.0102124	0	0	0	0.00797156	0	0	0	0
M00129: Ascorbate biosynthesis, animals, glucose-1P => ascorbate	0	0	0	0	0	0	0.0037804	0	0	0.000249179	0	0	0.00490863	0	0.00132342	0	0	0.000514697	0	0	0	0	0	0	0
M00130: Inositol phosphate metabolism, PI=> PIP2 => Ins(1,4,5)P3 => Ins(1,3,4,5)P4	0	0	0.00549444	0.0105899	0.00264877	0	0.00292857	0.00380753	0.0056834	0.0130757	0.00504218	0.00359649	0.00509566	0.0120693	0	0.00360715	0.00547434	0.00552554	0.00680328	0	0.00712872	0	0.00225123	0.00447074	0
M00131: Inositol phosphate metabolism, Ins(1,3,4,5)P4 => Ins(1,3,4)P3 => myo-inositol	0	0.00588387	0	0.0122295	0.0063392	0.00609713	0.0112917	0.00378472	0	0.0221965	0	0.00896917	0	0.0112756	0	0	0	0.00782976	0	0	0	0	0.00300699	0	0
M00133: Polyamine biosynthesis, arginine => agmatine => putrescine => spermidine	0	0.0117379	0.015223	0.00938543	0.00567378	0.0108785	0.0199014	0.0103494	0.0284697	0.0242342	0.0202866	0	0.0173374	0	0.00613799	0.0153185	0.0360173	0.0122756	0.0286319	0.0310119	0.0241088	0.0171308	0.0142382	0.0100083	0
M00136: GABA biosynthesis, prokaryotes, putrescine => GABA	0	0	0	0	3.44804e-05	0	0	0.000256645	0	0	0	0	0	0	0	0.0019879	0	0	0	0.000726747	0	0.000131716	2.92975e-05	0	0
M00142: Complex I (NADH dehydrogenase), NADH dehydrogenase I	0	0	0	0	0	0	0	0	0	0	0	0	0	0.0331657	0	0	0	0	0	0	0.0117349	0	0	0	0
M00143: Complex I (NADH dehydrogenase), NADH dehydrogenase (ubiquinone) Fe-S protein/flavoprotein	0	0.0261037	0	0.0135217	0.00948597	0.0174417	0.0133515	0.0116367	0	0	0	0	0.00605044	0	0	0	0	0	0	0	0.0146998	0	0	0.00826627	0.0254387
M00144: Complex I (NADH dehydrogenase), NADH dehydrogenase I	0	0.015699	0	0	0	0	0	0.00539416	0	2.65474e-06	0	0	0	0	0	0	0	0	0	0	0.0110785	0	0	0	0
M00145: Complex I (NADH dehydrogenase), NADH dehydrogenase I/diaphorase subunit of the bidirectional hydrogenase	0	0	0	0	0	0	0	0	0	0	0	0	0	0	0	0	0	0	0	0	0	0	0	0	0
M00146: Complex I (NADH dehydrogenase), NADH dehydrogenase (ubiquinone) 1 alpha subcomplex	0	0	0	0	0	0	0	0	0	0	0	0	0	0	0	0	0	0	0	0	0	0	0	0	0
M00147: Complex I (NADH dehydrogenase), NADH dehydrogenase (ubiquinone) 1 beta subcomplex	0	0	0	0	0.0216365	0	0	0.0172714	0	0.0702299	0	0.0397565	0.0365106	0	0	0	0	0	0	0	0.0533561	0	0	0.0422719	0
M00148: Complex II (succinate dehydrogenase / fumarate reductase), succinate dehydrogenase (ubiquinone)	0	0	0	0.0177545	0.00604231	0	0	0	0	0	0	0	0.0205039	0	0	0	0	0	0	0	0.0148323	0.0125604	0	0.0209646	0.0253583
M00149: Complex II (succinate dehydrogenase / fumarate reductase), succinate dehydrogenase	0	0.0318346	0	0.0192546	0	0	0.027253	0.0145485	0.0580907	0.0369524	0	0	0	0	0	0.027212	0.0200236	0.0331633	0	0	0	0	0.00112946	0.0206703	0
M00150: Complex II (succinate dehydrogenase / fumarate reductase), fumarate reductase	0	0	0	0	1.4719e-06	0	0	4.09293e-07	0	0	0	0	0	0	0	0	0	0	0	0	0	0	0	0	0
M00152: Complex III (Cytochrome bc1 complex)	0	0	0	0	0	0	0	0	0	0	0	0	0	0	0	0	0.0124959	0	0	0	0	0	0	0.0198038	0
M00154: Complex IV (Cytochrome c oxidase), cytochrome c oxidase	0	0	0	0	0	0	0	0	0	0	0	0	0	0	0	0	0	0	0	0	0	0	0	0	0
M00155: Complex IV (Cytochrome c oxidase), cytochrome o ubiquinol oxidase/cytochrome c oxidase/quinol oxidase polypeptide	0	0	0	0	0	0	0	0	0	0	0	0	0	0	0	0	0	0	0	0	0	0	0	0	0
M00156: Complex IV (Cytochrome c oxidase), cytochrome c oxidase, cbb3-type	0	0.0230527	0.0330403	0	0	0.0189587	0.0221153	0	0	0.0102011	0.00578398	0	0.0174955	0.0175328	0	0	0	0	0	0.0113951	0	0.0165121	0.00134113	0.00403333	0
M00157: F-type ATPase, bacteria	0.0360484	0	0.0308536	0.0495034	0.010622	0	0.0249438	0.0302053	0	0	0.00660754	0.0158528	0	0	0.0368847	0	0.012743	0	0	0	0	0	0.0261018	0.0251826	0
M00158: F-type ATPase, eukaryotes	0	0	0	0	0	0	0	0	0	0	0	0	0	0	0	0	0	0	0	0	0	0	0	0	0
M00159: V-type ATPase, prokaryotes	0.0800038	0	0	0	0	0	0	0	0	0	0	0	0	0	0	0	0	0	0	0	0	0	0	0	0
M00160: V-type ATPase, eukaryotes	0	0	0	0	0	0.0141737	0	0	0	0	0	0	0	0.043805	0	0	0	0	0	0	0.000152797	0	0	0	0
M00161: Photosystem II	0	0	0	0	0	0	0	0	0	0	0	0	0	0	0	0	0	0	0	0	0	0	0	0	0
M00162: Cytochrome b6f complex	0	0	0	0	0	0	0	0	0	0	0	0	0	0	0	0	0	0	0	0	0	0	0	0	0
M00163: Photosystem I	0	0	0	0	0	0	0	0	0	0	0	0	0	0	0	0	0	0	0	0	0	0	0	0	0
M00164: ATP synthase	0.0360484	0	0.0308536	0.0495034	0.010622	0	0.0249438	0.0302053	0	0	0.00660754	0.0158528	0	0	0.0368847	0	0.012743	0	0	0	0	0	0.0261018	0.0251826	0
M00165: Reductive pentose phosphate cycle (Calvin cycle)	0	0	0	0	0	0	0	0	0	0	0	0	0	0	0	0	0	0	0	0	0	0	0	0	0
M00166: Reductive pentose phosphate cycle, RuBP + CO2 => glyceraldehyde-3P	0	0	0	0	0	0	0	0	0	0	0	0	0	0	0	0	0	0	0	0	0	0	0	0	0
M00167: Reductive pentose phosphate cycle, glyceraldehyde-3P => RuBP	7.44312e-06	0	0	0	0	0	6.85358e-05	0	0	0	0	0	0	0	0	0	0	0	0	0	0	0	0	0	0
M00171: C4-dicarboxylic acid cycle, NAD+ -malic enzyme type	6.02802e-05	0.000881793	0	0.00127894	0.000140576	0.00101695	0	0.000310886	0.000834482	7.07765e-05	0.00140522	0.000467082	0.000158796	0	0.000923554	0	0	0	0.00107176	0	0.000131335	0.000901503	0.000688935	0	0.000345001
M00172: C4-dicarboxylic acid cycle, NADP+ -malic enzyme type	0	0	0	0	0	0	0	0	0	0	0	0	0	0	0	0	0	0	0	0	0	0	0	0	0
M00173: Reductive citric acid cycle (Arnon-Buchanan cycle)	0	0	0	0	4.68272e-05	0	0	0	0	0	0	0	0	0	0	0	0	0	0	0	0	0	0	0	0
M00174: Methane oxidation, methylotroph, methane => CO2	0	0.00560741	0.0131826	0	0.00122781	0.00734164	0.0173129	0.00467597	0.0151229	0.00814868	0.00791068	0.00968292	0.0085558	0	0.0146764	0.0164341	0	0	0.00356705	0.0148613	0.00935625	0.0110834	0.00283694	0.00779728	0.00278999
M00176: Sulfur reduction, sulfate => H2S	0	0	0	0	0	0	0	0	0	0	0	0	0	0	0	0	0	0	0	0	0	0	0	0	0
M00177: Ribosome, eukaryotes	0	0	0	0	0	0	0	0	0	0	0	0	0	0	0	0	0	0	0	0	0	0	0	0	0
M00178: Ribosome, bacteria	0.0491935	0	0	0.209453	0.255219	0.0499316	0	0	0	0	0	0	0	0	0.0753163	0	0	0	0	0	0	0.0930186	0.183421	0	0
M00179: Ribosome, archaea	0	0	0	0	0	0	0	0	0	0	0	0	0	0	0	0	0	0	0	0	0	0	0	0	0
M00180: RNA polymerase II, eukaryotes	0	0	0	0	0	0	0	0	0	0	0	0	0	0	0	0.0353737	0	0	0	0	0	0	0	0	0
M00181: RNA polymerase III, eukaryotes	0	0	0	0	0	0	0	0	0	0	0	0	0	0	0	0	0	0	0	0	0	0	0	0	0
M00182: RNA polymerase I, eukaryotes	0	0	0	0	0	0	0	0	0	0	0	0	0	0	0	0	0	0	0	0	0	0	0	0	0
M00184: RNA polymerase, archaea	0	0	0	0	0	0	0	0	0	0	0	0	0	0	0	0	0	0	0	0	0	0	0	0	0
M00185: Sulfate transport system	1.804e-06	0.00135351	0.0169199	0	0.00211717	0.00979435	0.0148019	0.00621441	0.00723599	0.00870003	0.013081	0.0141816	0.0142952	0.0108779	0.0144481	0	0.00443629	0	0.00864011	0	0	0.00913397	0	0	0
M00193: Putative spermidine/putrescine transport system	0.0049178	0.00842023	0.00480816	0.000158121	0.00615588	0.00473282	0.0129627	0.00472478	0.0149311	0.00345594	0.0141907	0.00502737	0.00571284	0.00376691	0.0181196	0.00490344	0.0098263	0.00841237	0.00612285	0.0122289	0.00629524	0.00905335	0.003676	0.00941	0.00453331
M00194: Maltose/maltodextrin transport system	0	0	0	0.0015143	0	0.000936519	0.00120792	0	0	0	0	0	0	0	0	0	0	0	0	0	0	0	0	0	0
M00197: Putative sugar transport system	1.39434e-05	0	0	0.00237542	0	0.00168835	0.00181963	0	0	0	0	0	0	0	0	0	0	0	0	0	0	0	0.00117234	0	0
M00198: sn-Glycerol 3-phosphate transport system	1.95495e-12	0	0	0	0	7.1139e-07	0	0	0	0	0	0	0	0	0.0012084	0	0	0	0	0	0	1.99931e-06	0	0	0
M00199: Lactose/L-arabinose transport system	0	0	0	0	0	0	0	0	0	0	0	0	0	0	0.000172274	0	0	0	0	0	0	0	0	0	0
M00200: Sorbitol/mannitol transport system	0	0.00476014	0.011403	0.000310825	0	0	0.0131244	0.00178083	0	0	0.00279859	0.0043628	0.00189441	0	0.00668843	0	2.73075e-05	0.00933045	0	0.000658736	0	0.00748557	0	0.00492544	0.000390135
M00201: alpha-Glucoside transport system	0	0	0	0	0	0	0	0	0	0	0	0	0	0	0	0	0	0	0	0	0	0	0	0	0
M00202: Oligogalacturonide transport system	0	0	0	0	0	0	0	0	0	0	0	0	0	0	0	0	0	0	0	0	0	0	0	0	0
M00203: Glucose/arabinose transport system	0	0	0	0	0	0	0	0	0	0	0	0	0	0	0	0	0	0	0	0	0	0	0	0	0
M00204: Trehalose/maltose transport system	0	0	0	0	0	0	0	0	0	0	0	0	0	0	0	0	0	0	0	0	0	0	0	0	0
M00206: Cellobiose transport system	0	0	0	0	0	0	0	0	0	0	0	0	0	0	0	0	0	0	0	0	0	0	0	0	0
M00207: Multiple sugar transport system	2.39038e-05	0.00362607	0.00245035	0.00285738	0.0024097	0.00807477	0.0106442	0.00479771	0.00570246	0.003333	0.00528831	0.00730492	0.00356253	0.00463801	0.0145056	0.0025263	0.00436035	0.00634946	0.00220146	0.0198909	0.00451083	0.00999809	0.0026245	0.00638519	0.00570782
M00219: AI-2 transport system	0	0	0	0	0	0	0	0	0	0	0	0	0	0	0	0	0	0	0	0	0	0	0	0	0
M00220: Rhamnose transport system	0	0	0	0	0	0	0	0	0	0	0	0	0	0	0	0	0	0	0	0	0	0	0	0	0
M00222: Phosphate transport system	6.9093e-05	0.0189948	0.0349455	0.0149382	0.00362004	0.0145203	0.0349879	0.0233931	0.0320525	0.0112372	0.0250435	0.0160993	0.0163249	0.0116384	0.0222581	0.0223306	0.0293613	0.0214671	0	0.0198082	0.00892092	0.0190648	0.00257256	0	0.00888911
M00225: Lysine/arginine/ornithine transport system	1.28209e-07	0.0143142	0.0009452	0	0.00234998	0.000600204	0.0213547	0.00401859	0.00820978	0.00804677	0.0100221	0.00956984	0.0078544	0	0.0186466	0	0.00416522	0.00203667	0.0010897	0.000432613	0	0.0127281	0.000779317	0.00124569	0.0202798
M00226: Histidine transport system	1.25365e-07	0	0.000894493	0	0.00103078	0.000543047	0.0121553	0.00212927	0.00668083	0.00307461	0.0103158	0.00160618	0.00717419	0	0.0112204	0	0.000838507	0.0050646	0.000678674	0.000369854	0	0.00738188	0.000629081	0.00137237	0.00763142
M00229: Arginine transport system	0	0	0	0	0	0	0	0.000419629	0.000145598	3.04808e-06	0	0	0	0	0.000239373	0	0	0	0	0	0	0	0	0	0
M00230: Glutamate/aspartate transport system	0	0.00304559	0.000484632	0	0.000248093	0.00516642	0.0216818	3.36665e-05	2.19123e-05	0.00232843	0.00420937	0.00762524	0	0.00489726	0	0	0	0.000535862	0	0.000121758	0.00885435	0.00599486	0.000354333	0	0
M00231: Octopine/nopaline transport system	7.46677e-07	0	0	0	0	0	0	1.33533e-05	0	4.7443e-06	0	3.85619e-05	0.00023995	0	0.000116084	0	0	0	0	0	0	7.79611e-05	0	0	0
M00232: General L-amino acid transport system	0	0.00826415	0.0136388	0	1.72882e-06	0.00628795	0.012696	0.00302198	0.00053659	0.0074517	0.0102986	0.00302189	0.00609674	0.00258636	0.0101181	0.00326614	0.000201144	0.000830625	0.000409662	0	0.00345074	0.00194587	0.00126731	0	0
M00233: Glutamate transport system	0.000116471	0	0	0	0	0	0	0.00193364	0	0	0	0	0	0.000233562	0	0	0	0	0	0	0	0	0	0	0
M00235: Arginine/ornithine transport system	0	0.000395883	0.000319186	0	4.37691e-05	0.000172656	0.00225121	0.000235767	0.000335022	0.000647889	0.000140169	0.000939557	0.000329396	0	0.00158131	0	0.000405011	0.000385192	0.000539388	0	0.000543713	0.00110937	0.000348451	0.000196199	0.00127637
M00237: Branched-chain amino acid transport system	0.0265501	0.008579	0.00550853	0.00223404	0.00639023	0.014267	0.0157304	0.00393548	0.00985516	0.00659092	0.0158407	0.0121763	0.00923672	0.00374538	0.0145586	0.00232082	0.00743923	0.0046987	0.0061825	0.0123894	0.00507046	0.014153	0.00705575	0.00466146	0.00373465
M00239: Peptides/nickel transport system	0.108429	0.00804102	0.0116666	0.00463799	0.00592085	0.0107893	0.0145568	0.0186453	0.0144794	0.00541019	0.0121237	0.0118353	0.00607927	0.000133516	0.0182197	0.0059467	0.00926111	0.00980303	0.00465582	0.0209579	0.00630608	0.0127103	0.00857461	0.00737872	0.00601707
M00245: Cobalt transport system	0	0	0	0	0	0	0	0	0	0	0	0	0	0	0.00710159	0	0	0	0	0	0	0	0	0	0
M00246: Nickel transport system	0	0.00230259	0	0	0.00160517	0	0	0	9.00431e-08	0	0	0	0	0	0.00792237	0	0	0	0	0	0.00434535	0.00352593	0	0	0
M00260: DNA polymerase III complex, bacteria	0	0	0	0	0	0	0	0	0	0	0	0	0	0	0	0	0	0	0	0	0	0	0	0	0
M00261: DNA polymerase alpha / primase complex	0	0	0.00636986	0.00233497	0.00166297	0	0.00251602	0	0.0025903	0.00629233	0.00441094	0.00292881	0.0100185	0	0	0	0	0	0	0	0	0	0.00325063	0.00272187	0
M00262: DNA polymerase delta complex	0	0.00469084	0	0	0.00463974	0.00698197	0.00146384	0.00335206	0.00585028	0.00994851	0.00691375	0	0	0	0	0	0.0134197	0	0.0177171	0	0.00734338	0	0.00173422	0.00709653	0
M00263: DNA polymerase epsilon complex	0	3.66205e-06	0.00254074	0	0	0.0031757	0	0	0	0	0	0	0.00223243	0	0	7.61963e-06	1.62931e-05	1.94812e-05	0	0.00487926	0	0	0	0	0
M00276: PTS system, mannose-specific II component	0	0	0	0	6.45007e-06	0	1.48199e-05	0.00497881	0	0	0	0	3.94321e-06	0	0	0	0	0	0	0.00678809	6.62479e-05	0	0.000915715	0	0
M00277: PTS system, N-acetylgalactosamine-specific II component	0	0	0	0	0	0	0	0	0	0	0	0	0	0	0	0	0	0	0	0	0	0	0	0	0
M00278: PTS system, sorbose-specific II component	0	0	0	0	0	0	0	0	0	0	0	0	0	0	0	0	0	0	0	0	0	0	0	0	0
M00284: Origin recognition complex	0	0	0	3.44385e-05	0	0	0	0	0	0	0.00493687	0	0	0.00200786	0	0	0	0	0.00624393	0	0.000260407	0	0	0.00432185	0
M00285: MCM complex	0	0.00727858	0.00289779	0.00104531	0.00117856	0.00329688	0.00138364	0.000901429	0.0106122	0.0111686	0.00615406	0.00564688	0.00624621	0.017806	0.000756472	0.0214366	0.00438996	0.0223368	0.0484608	0.0223497	0.0197856	0.0105028	0.00224119	0.0110816	0.0203919
M00286: GINS complex	0	0	0	0	0	0	0	0	0	0	0	0	0	0	0	0	0	0	0	0	0.00308092	0	0	0	0
M00287: PTS system, galactosamine-specific II component	0	0	0	0	0	0	0	0	0	0	0	0	0	0	0	0	0	0	0	0	0	0	0	0	0
M00290: Holo-TFIIH complex	0	0	0	0	0	0	0	0	0	0.00770149	0	0	0	0	0	0	0	0	0	0	0	0	0	0	0
M00295: BRCA1-associated genome surveillance complex (BASC)	0	0	2.31833e-05	0.00482536	0	0	0.000242381	0.000579284	0	0.00694217	0.0018575	0	0.00173751	0	0	0.00485329	0	0.000690943	0.00490255	0	0.00192854	0	0.000341981	0	0
M00296: BER complex	0	0	0.00448834	0	0	0.00950082	2.84269e-06	0	0	0.00920688	0	0.0033464	0.00492746	0	0	0.0272957	0.00987427	0.000808262	0.0129839	0	0.0131646	0.000140535	0	0.00570269	0
M00299: Spermidine/putrescine transport system	0.0379035	0	6.04098e-05	0	0.000925777	0.00427098	0.00223555	0.00960488	0.000268944	0.000116246	0.00969214	0	0.00211927	0.000159917	0.00162013	0.00043463	0.000189671	0	7.58733e-05	0	0	0	0.000914264	0.000497082	0
M00300: Putrescine transport system	0.00659177	0.00545909	0	0	0.00185971	0	0.00770241	0	0.0189738	0.0056602	0.0165258	0	0.00186292	0.0143952	0.00518896	0.00690232	0.00547137	0	0.00172583	0	0	0	0.00248313	0.00661942	0
M00301: Mannopine transport system	0	0	0	0	0	0	0	0	0	0	0	0	0	0	0	0	0	0	0	0	0	0	0	0	0
M00302: 2-Aminoethylphosphonate transport system	0	0	0	0	0	0	0	0	0	0	0	0	0	0	0	0	0	0	0	0	0	0	0	0	0
M00304: PTS system, fructose-specific II component	0	0	0	0	0	0	0	0	0	0	0	0	0	0	0	0	0	0	0	0	0	0	0	0	0
M00310: Pyruvate:ferredoxin oxidoreductase	0	0	0	0	3.57408e-06	0	0	0	0	0	0	0	0	0	0	0	0	0	0	0	0	0	0	0	0
M00311: 2-oxoglutarate:ferredoxin oxidoreductase	0	0	0	0.00129673	0.0050993	0	0	0	0	0	0	0	0	0	0.00823828	0	0	0	0	0	0	0	0.000884949	0	0
M00312: 2-oxoisovalerate:ferredoxin oxidoreductase	0	0	0	0	0	0	0	0	0	0	0	0	0	0	0	0	0	0	0	0	0	0	0	0	0
M00317: Manganese/iron transport system	3.94546e-06	0	0	0	0	0	0	0	0	0	0	0	0	0	0	0	0	0	0	0	0	0	0	0	0
M00319: Manganese/zinc/iron transport system	0.0303047	0	0	0	0	0	0	0	0	0	0	0	2.62507e-06	0	0	0	0	0	0	0	0	0	0	0	0
M00321: Bicarbonate transport system	0	0	0	0	0	0	0	0	0	0	0	0	0	0	0	0	0	0	0	0	0	0	0	0	0
M00322: Neutral amino acid transport system	2.41078e-10	0	0	0	0	0	0	0	0	0	0	0	0	0	0	0	0	0	0	0	0	0	0	0	0
M00323: Urea transport system	0	0	0	0	0	6.05816e-05	0.000141852	1.25595e-06	0	0	0	0.000169232	0	0	3.34759e-05	0	9.49749e-05	0	0	0	1.93129e-06	4.14094e-05	0	0	0
M00324: Dipeptide transport system	0.00640805	0.000277986	0.00102648	0.000184052	0.00151254	0.000239672	0.00790301	0.000507828	0.000379304	0.000414665	0.0122286	0.000632205	0.00439436	0	0.00468839	0.000882028	7.59594e-05	0.000801594	0.000166295	0.000936924	0.00201426	0.00205749	0.000307415	0.000586315	0.00363047
M00326: RTX toxin transport system	0	0	0	0	0	0	0	0	0	0	0	0	0	0	0	0	0	0	0	0	0	0	0	0	0
M00331: Type II general secretion system	0	0	0	0	0	0	0	0	0	0	0	0	0	0	0	0	0	0	0	0	0	0	0	0	0
M00332: Type III secretion system	0	0	0	0	0	0	0	0	0	0	0	0	0	0	0	0	0	0	0	0	0	0	0	0	0
M00333: Type IV secretion system	0	0	0	0	0	0	0	0	0	0	0	0	0	0	0	0	0	0	0	0	0	0	0	0	0
M00334: Type VI secretion system	0	0	0	0	0.000781713	0.00346325	0.00947567	0.00149759	0	0.00545482	0	0.00293321	0	0	0.00599909	0	0	0.000198495	0	0	0	0.00306996	0	0	0
M00335: Sec (secretion) system	0	0	0	0	0	0	0	0.0119421	0	0	0	0	0	0	0	0	0	0	0	0	0	0	0	0	0
M00336: Twin-arginine translocation (Tat) system	0	0	0	0	0.00269762	0	0	0	0.00558021	0	0	0	0.00195446	0	0	0	0	0	0.00778904	0	0	0	0.0114754	0	0
M00337: Immunoproteasome	0	0.0345914	0.0115177	0.00940955	0.012814	0.0329535	0.00657177	0.0104537	0.0240825	0.0324752	0.015753	0.00627666	0.00907533	0.0233386	0	0.0457983	0.0230292	0.0379992	0.0229053	0.0295971	0.0398736	0.0160394	0.00682434	0.0304025	0.0541552
M00340: Proteasome, 20S core particle	0	0.0414142	0.0126177	0.0115554	0.0197316	0.0369062	0.00747883	0.012418	0.0265567	0.0549521	0.0307403	0.0134478	0.00915345	0.0237671	0	0.0454434	0.0243812	0.0501293	0.0456478	0.0518352	0.0563436	0.0332279	0.00770861	0.0462104	0.068502
M00341: Proteasome, 19S regulatory particle (PA700)	0	0	0	0	0	0	0	0	0	0	0	0	0	0	0	0	0	0	0	0	0	0	0	0	0
M00342: Bacterial proteasome	0	0	0	0	0	0	0	7.93457e-05	0	0	0	0	0	0	0	0	0	0	0	0	0	0	0	0	0
M00346: Formaldehyde assimilation, serine pathway	0	0	0	0	0	0	0	0	0	0	0	0	0	0	0	0	0	0	0	0	0	0	0	0	0
M00347: Methanogenesis, formate => methane	0	0	0	0	0	0	0	0	0	0	0	0	0	0	0	0	0	0	0	0	0	0	0	0	0
M00348: Glutathione transport system	0.00615383	0	5.87621e-05	0	1.22078e-05	6.72048e-05	4.24879e-05	2.61238e-05	0	2.93552e-06	2.50885e-05	0	5.67423e-06	0	9.04945e-05	0	0	9.76412e-05	0	1.73385e-05	0	0	0	0	0
M00349: Microcin C transport system	0.00151209	0.00544908	0.00467143	0	0.00203227	0.00850393	0.00885209	0.00137435	0.00915061	0.0053313	0.00806646	0.00508254	0.00480116	0.00592567	0.0091504	0.000359938	0.00471501	0	0.00233026	0.00344809	0	0.00962551	0.00291679	0.00471431	0
M00350: Capsaicin biosynthesis, L-Phenylalanine => Capsaicin	0	0	0	0	0	0	0	0	0	0	0	0	0	0	0	0	0	0	0	0	0	0	0	0	0
M00351: Spliceosome, U1-snRNP	0	0	0	0	0	0	0	0	0	0	0	0	0	0	0	0	0	0	0	0	0	0	0.00121856	0	0
M00352: Spliceosome, U2-snRNP	0	0	0	0	0	0	0	0	0	0	0	0	0	0	0	0	0	0	0	0	0	0	0	0	0
M00353: Spliceosome, Prp19/CDC5L complex	0	0	2.79696e-05	0.0157892	9.77935e-07	0.0119852	0.00818944	0.0043752	0	0	0.018369	0.010892	0	0	0	0	0	0	0	0.000729212	0	0	0.0120984	0	0
M00354: Spliceosome, U4/U6.U5 tri-snRNP	0	0	0	0	0	0	0	0	0	0	0	0	0	0	0	0	0	0	0	0	0	0	0	0	0
M00355: Spliceosome, 35S U5-snRNP	0	0	0	0	0	0	0	0	0	0	0	0	0	0	0	0	0	0	0	0	0	0	0	0	0
M00356: Methanogenesis, methanol => methane	0	0	0	0	0	0	0	0	0	0	0	0	0	0	0	0	0	0	0	0	0	0	0	0	0
M00357: Methanogenesis, acetate => methane	0	0	0	0	0	0	0	0	0	0	0	0	0	0	0	0	0	0	0	0	0	0	0	0	0
M00358: Coenzyme M biosynthesis	0	0	0	0	0	0	0	0	0	0	0	0	0	0	0	0	0	0	0	0	0	0	0	0	0
M00359: Aminoacyl-tRNA biosynthesis, eukaryotes	0	0.0267794	0.0355098	0.0292132	0.0269449	0.0344493	0.026152	0.0263199	0.031743	0.0315069	0.0371006	0.0331377	0.0344762	0.0410424	0.0207076	0.0368528	0.034828	0.033443	0.0463281	0	0.0361206	0.0281178	0.0357228	0.0324004	0.0341375
M00360: Aminoacyl-tRNA biosynthesis, prokaryotes	0.0575169	0.0267855	0.035085	0.0285568	0.0260084	0.0332215	0.0259201	0.0266053	0.0299098	0.0303597	0.0361526	0.0323657	0.0339195	0.039657	0.0209738	0.0363703	0.0337027	0.0331793	0.0468191	0	0.035988	0.0277582	0.0350623	0.0321236	0.0331024
M00361: Nucleotide sugar biosynthesis, eukaryotes	1.79513e-06	0.0148853	0.0291714	0.0364074	0.0118653	0.0117419	0.0264006	0.00959439	0.023417	0.035084	0.0422594	0.0212998	0.0388551	0.0211582	0.00536566	0.00999981	0.0196675	0.0238114	0.0248383	0.0163051	0.0149358	0.0138841	0.0137265	0.00476806	0.0214935
M00362: Nucleotide sugar biosynthesis, prokaryotes	4.34146e-06	0.00257369	0	0.00225368	0.0030804	0.00621362	0.00049182	0	0	0	0	0.00269619	0.0026765	0	0.00166157	0	2.61299e-05	0.00589856	0.0057154	0.00505195	0	0.00455782	0.00301502	0.00281908	0.00274315
M00366: C10-C20 isoprenoid biosynthesis, plants	0	0	0	0	0	0	0	0	0	4.99874e-06	0	0	0	0	0	0	0	0	0	0	0	0	1.41231e-06	0	0
M00370: Glucosinolate biosynthesis, tryptophan => glucobrassicin	0	0	0	0	0	0	0	0	0	0	0	0	0	0	0	0	0	0	0	0	0	0	0	0	0
M00372: Abscisic acid biosynthesis, beta-carotene => abscisic acid	0	0	0	0	0	0	0	0	0	0	0	0	0	0	0	0	0	0	0	0	0	0	0	0	0
M00373: Ethylmalonyl pathway	0	0	0	0	0	0	0	0	0	0	0	0	0	0	0	0	0	0	0	0	0	0	0	0	0
M00374: Dicarboxylate-hydroxybutyrate cycle	0	0	0	0	0	0	0	0	0	0	0	0	0	0	0	0	0	0	0	0	0	0	0	0	0
M00375: Hydroxypropionate-hydroxybutylate cycle	0	0	0	0	0	0	0	0	0	0	0	0	0	0	0	0	0	0	0	0	0	0	0	0	0
M00376: 3-Hydroxypropionate bicycle	0	0	0	0	0	0	0	0	0	0	0	0	0	0	0	0	0	0	0	0	0	0	0	0	0
M00377: Reductive acetyl-CoA pathway (Wood-Ljungdahl pathway)	0	0	0	0	0	0	0	0	0	0	0	0	0	0	0	0	0	0	0	0	0	0	0	0	0
