family	SRR317085	SRR317086	SRR317087	SRR317088	SRR317089	SRR317090	SRR317091	SRR317092	SRR317093	SRR317094	SRR317095	SRR317096	SRR317097	SRR317098	SRR317099	SRR317100	SRR317101	SRR317102	SRR317103	SRR317104	SRR317105	SRR317106	SRR317107	SRR317108	SRR317109
Acetobacteraceae	0	0.000975215022281	0.00357853939842	0	0.00257356570605	0.00797348496127	0	0	0	0	0	0.00208753644164	0	0	0	0	0.002169544698315	0.000850947560751	0	0	0	0.000323678071979	0	0.00567258329177	0
Acholeplasmataceae	0	0	0	0	0.000984105840399	0	0	0	0	0	0	0	0	0	0	0	0	0	0	0	0	0	0	0	0
Acidaminococcaceae	0	0.00183578884777	0.0505230326301	0.0856287946296	0.000425831645193	0.2470280827042	0	0.000674949127743	0	0	0.00263582453401	0	0.0140016881815	0	0.0427305160022	0.0581329260458	0	0	0	0	0	0.00275298129021	0.02639933719982	0	0
Acidithiobacillaceae	0	0	0	0	0	0	0	0	0	0	0	0	0.000390944892464	0	0	0	0	0	0	0	0	0.000399919344566	0	0	0
Acidobacteriaceae	0	0	0.00137015545996	0.0003865509986	0	0	0	0	0	0	0	0.000575599701381	0.000201035766246	0	0	0	0	0	0	0	0.000602029568208	0	0.000120003277595	0	0.001350452918579
Acidothermaceae	0	0	0	0	0	0.000498107965668	0	0	0	0	0	0	0	0	0	0	0	0	0	0	0	0	0	0	0
Actinomycetaceae	0	0	0	0.00668951131639	0	0	0	0	0	0	0	0	0	0	0	0	0	0	0	0	0	0	0.15275526259	0	0
Adenoviridae	0.0257678509083	0	0	0	0	0.0339634103979	0	0	0	0	0	0	0	0	0.305854306042	0	0	0	0	0	0	0.035794349234	0	0.2308685931776	0.440389562459
Aerococcaceae	0	0	0	0.00766676365672	0	0	0	0	0	0	0	0	0	0	0	0	0	0	0	0	0	0	0.000238011742483	0	0
Aeromonadaceae	0	0	0	0	0	0.00315568976792	0.0008013820598519	0.003733227863321	0	0	0	0.000844875788054	0.001161002566409	0.01109388233219	0.000872321624344	0.00260107358645	0.001254472955	0.00103319632171	0.00256015392615	0.00243509509988	0.01232729296531	0.000369534482694	0	0.00136250263048	0.002517821832748
Ajellomycetaceae	0	0	0	0	0	0	6.24395566954e-06	0	0	0	0	0	0	0	0	0	0	5.01504555281e-05	0	0	0.000108700780497	0	0	0	0
Akkermansiaceae	0	0	0	1.73370997953	0	0	0.0320032195055	0.0952968027236	0	0.218765354372	0	0.637399512704	0	0	0	0	0	0.0282710829562	0.143441504579	0.00549688289002	0.062189081179	0	0.382241027363	0	0
Alcaligenaceae	0	0.00698270281536	0.0025639313548	0.030774986046262	0.0395371071275966	0.00890440538334	0.000339315348261	0.021704281594648	0.01309982948647	0.022070951693	0.01154116086047	0.002505278709523	0.001531371583064	0.00283731050862	0.00252582923697	0.0049753920175	0	0.000810719761095	0.00168814500059	0.01055783874441	0.00585343658656	0.000818319334021	0.00684820483271	0.001404165375127	0
Alcanivoracaceae	0	0.000834029154904	0.00198987969635	0	8.60893445008e-05	0	0	0.000836498233731	0	0	0	0	0	0	0.000222410811476	0	0	0	0.00180329539524	0	0	0.000260288970994	0	0	0
Alicyclobacillaceae	0	0	0	0.00251445464198	0.00275734785671	0.0144279808005	0	0	0	0	0	0	0	0	0.00102576179629	0	0	0	0	0	0	0	0.000772428292573	0	0
Alteromonadaceae	0	0	0	0.00161248529285	0	0.00278355303971	0.0002658291498002	0	0	0.0021650370623	0	0	0.00026957227087	0	0	0.00194101885474	0	0	0	0	0	0.000315650842031	0	0.00285713810388	0
Amoebophilaceae	0	0	0	0	0	0	0	0	0	0	0	0	0	0	0	0	0	0	0	0	0	0	0.000262845314282	0	0
Anaeromyxobacteraceae	0	0	0	0	0	0	0	0	0	0	0	0	0	0	0	0	0	0	0	0	0	0	9.78530734359e-05	0.000517486396817	0
Anaplasmataceae	0	0	0	0	0	0	0	0	0	0	0	0	0	0	0	0	0.00294860662439	0	0	0	0	0	0	0	0
Apusomonadidae	0	0.000859872763005	0.000788823103043	0.000111255139811	1.71218777775e-05	0.000169751761484	0	0.000158071112607	0.00106407816246	0.00133251132216	0	0.000102257547022	0.000174888236818	0.000364011956228	3.82170890672e-05	0.0015740740138	0.000607328693742	0.000750302870155	0.00216903531775	0.000340398339294	0.00138639693377	4.47257339772e-05	1.72693661056e-05	0.000952311128881	0.000427991903342
Aquificaceae	0	0	0	0	0.000484885516033	0.000400609148201	0	0	0	0	0	0	0	0	0	0	0	0	0	0	0	0	0	0	0
Archaeoglobaceae	0	0	0	0	0	0	0	0	0	0	0	0	0	0	0	0	0	0	0	0	0	0	0	0	0.000805023323481
Arthrodermataceae	0	0.000739786190141	0.000678659056551	0	5.459444689e-05	0.000597816708326	3.74278860356e-05	0.000473117181101	0.00240311672225	0.000840524371509	0	0.000652076546229	0.000225696012216	0.00187905255184	4.93197527629e-05	0.00243764063939	0.0003874878538306	0.000645518413473	0.00199941006603	0.000658934092495	0.00044519622592	0.000113816065966	2.22863877781e-05	0.000860280712196	7.77953450506e-05
Aspergillaceae	3.87924925924e-06	0.045206792540961	0.063256672168083	0.024108555961775	0.0720396389790123	0.0569925596973263	0.00154185324184374	0.0828184306857213	0.031540863181936	0.013005559566704	0.006154547973004	0.0080100195463089	0.009058608742798	0.01736986604476	0.0080878082029568	0.093883692567665	0.0065809888784421	0.004542007619711	0.014544349827526	0.007799517955426	0.105315701914422	0.0044130142685492	0.040649548949133	0.005491304039857	0.002452235625206
Atopobiaceae	0	0	0	0.06925047983402	0.00306576249031	0.118754012206653	0.001269193290767	0.00978875488413	0	0	0.00382272370175	0	0.008203044109369	0.00508802158595	0.042793418930999	0	0.0126932408549	0.00349581667491	0	0.05043066661711	0.00429271975533	0	0.137697404211677	0.00665552256922	0
Babesiidae	0	0	0	0	0	0	0	0	0	0	0	0.00067206936352	0	0	0	0	0	0	0.00203651358459	0	0	0	0	0	0
Bacillaceae	3.22260077956e-05	0.04336394644948	0.0340140876337	0.061519108079229	0.0404562349337923	0.027978746670358	0.0012796847325174	0.011357857942252	0.03654896676883	0.08126126298998	0.01488809789754	0.050683315910418	0.051424311110909	0.03900573689424	0.006825364841462	0.04636732410497	0.0055193461554	0.016847224885733	0.05812782816087	0.0213293594596	0.019755100970272	0.014490656132176	0.0247372331057958	0.02305736859743	0.00711901125912
Bacteroidaceae	0	24.9104739445274	2.2540685325822	12.5466872419307	14.1838548833902	11.4779143500852	0.115779156683709	2.05116906107778	3.22650364854361	1.3240204843112	0.54465498520708	0.50887746226439	7.60840485342053	14.0200193465906	1.93922512424717	1.95095113563726	0.721933633930751	0.404847316055355	17.4761669022757	0.692429352432931	0.371223261125039	38.1735780936785	34.1860146671899	0.962221493867051	0.836394465129582
Bangiaceae	0	0	0.198646429574	0	0.0010779349245	0	0	0	0	0	0	0.0643778577684	0	0	0	0	0	0	0	0	0	0	0.00217444057143	0	0.00769854511807
Beijerinckiaceae	0	0	0	0.00111168936671	0	0	0	0	0	0	0	0	0	0	0	0	0	0	0	0	0	0	0	0	0
Beutenbergiaceae	0	0	0	0	0	0	0	0	0	0	0	0.000628120714923	0	0	0	0	0	0	0	0	0	0.000274729453418	0	0	0
Bifidobacteriaceae	0	3.22958063724586	0.0162005148227	0.64652099385794	0.032578713906053	0.245943972334869	0.000823648385056	4.86765341229387	0.07128353933183	0.0234557223184	0.009218074771	0.0049760905947	0.000620841088242	1.44910446456936	0.002094939675261	0	0.08786034475236	0.00639929224623	0	2.5886387039769	0.00171447876664	0	0.265314103689707	0	0.00464331796221
Blastocladiaceae	0	0.000287844697199	0.000132030317163	0.000139661078688	6.87791301652e-05	0.000106546601614	5.82515254612e-05	0.000105829451756	0.00040072837326	0.00167273142555	0.0011365399231	0.000102692958511	4.39082272427e-05	0.00036556191506	0.000115139451013	0.000316155280664	0.000343077014541	0.000188374412843	0.000466772366965	0.000170923875805	0.00127627518001	2.24580878257e-05	6.07001460556e-05	0.0010520026649	9.21030617297e-05
Blattabacteriaceae	0	0	0	0.01785131307077	0	0.00379803486603	0	0	0	0	0	0	0.00195647931805	0	0	0	0	0	0	0	0	0	0.00708741463151	0	0
Borreliaceae	0	0	0	0	0.000628471824606	0	0	0	0	0	0	0.00326165375756	0	0	0	0	0	0	0	0	0	0	0	0	0
Bradyrhizobiaceae	4.65956854199e-05	0.245740596584807	0.1262795475142	0.051291818080219	0.0060637684624714	0.009926781993976	0.0025292597795686	0.01011023152106	0.088038929799797	0.07370962719498	0.085934274417204	0.099091129400529	0.054413135304023	0.049406308383	0.007385386158401	0.05053160072565	0.044906118826915	0.017065837431509	0.035666830153236	0.054931214927285	0.016043702851373	0.008904248173753	0.0017900846228052	0.05168485878888	0.002820312745527
Brevibacteriaceae	0	0	0	0.00036534117448	0	0.00111486638758	0	0.000346050744439	0	0	0.00135140413508	0	0	0	0	0	0	0.0041064249895	0	0	0	0.000293741973781	0.000113418768899	0	0
Brucellaceae	0	0	0	0.01432097090325	0.00555975909916	0.0206060659252	0.002134729830992	0	0	0.00917664649392	0.01825368087086	0	0.00190803995779	0	0.002020109753395	0	0.000418250909797	0.002206931525015	0	0	0.002637930797399	0.00197129011635	0	0	0
Bryopsidaceae	0	0	0	0	0.00160030434298	0	0	0	0	0	0	0	0	0	0.00714395633526	0	0	0	0	0	0	0	0.00322817881757	0	0
Burkholderiaceae	0.000428861009483	0.145666290058196	0.326696203789621	0.153899433397734	0.693320747376453	0.182376220966062	0.0690692745720874	0.744576505059659	0.304487206710236	0.299291927516716	0.167814606701568	0.150158793379996	0.110181084494831	0.22524818324013	0.126384430108119	0.26143397627243	0.192726099134722	0.096368916967451	0.202115870946786	0.179547662633499	0.187634168366381	0.090598283461796	0.0506794947380231	0.106981502005437	0.0492479607562
Cafeteriaceae	0	0	0	0.221798500898	0.597348756436	1.01525249852	0	0.735305506179	0	0	0	0	0	0	0	0	0.0504488279722	0	0	0.113103151147	0	0	0.0918086605902	0	0
Campylobacteraceae	0	0.0175280564606	0.01328082163318	0.012159083198	0.0067460259427981	0.006391589801339	0.000368776948348	0.004373713690966	0.0135302332828	0	0.01104955469214	0.00283088866405	0.007470074352275	0	0.177877311285632	0.0045803534849	0.00346554439019	0.14935339963873	2.72777253345411	0	0	0.02176204984253	0.017583355224817	0	0.00279443212313
Candidatus Midichloriaceae	0	0	0	0	0	0	0	0	0	0	0.00498553723679	0	0	0	0	0	0	0	0	0	0	0	0	0	0
Carnobacteriaceae	0	0.0107142259482	0	0.0576504416769	0.00234853772123	0	0	0.00080303577511	0.0729776177401	0	0.0125441240575	0.00623388806561	0.00732988112169	0	0.003227469204608	0	0	0	0.0850050499068	0.00778184058297	0	0.46624825143	0.475595993186	0	0.0177049519384
Caulobacteraceae	0	0.01004931361256	0.00713801368535	0.002733038974807	0.0001240059184807	0.002511619733643	0.000185002460493	0.000324595268557	0	0.00205221022047	0.00126761579106	0.00372146683515	0.005055310588502	0	0.000235433649158	0.00456011884618	0.00605815336132	0.00893210531776	0.00257949591733	0.002171365459049	0.00486914611087	0.000570601572793	0.0002203189659453	0.023705892503085	0.00037665908133
Cellulomonadaceae	0	0	0	0	0	0.0070847086004	0.00010086917494	0	0	0	0	0	0	0	0	0	0	0.001710500511365	0	0.00228833816512	0	0	0	0.005277154069639	0.000850597223909
Cellvibrionaceae	0	0	0	0	4.8548015828e-05	0	9.08762219805e-05	0	0	0	0	0	0	0	0	0	0	0	0	0	0	0	9.79324195544e-05	0	0
Chaetomiaceae	0	0	0.000408607576254	0.000129666979719	0	0	0.00010140574921	0	0	0	0	0.000318670022977	3.39718079468e-05	0	0	0	0	9.7163557979e-05	0	0.000132243851483	8.97685882689e-05	0	0	0.0002184835133306	0
Chattonellaceae	0	0	0	0	0	0	0	0	0	0	0	0	0	0	0	0	0	0	0	0	0	0	0.0110626339632	0	0
Chitinophagaceae	0	0	0	0.000176609408009	2.71797303335e-05	0	0	0	0	0	0	0	0	0	0	0	0	0	0	0	0	0	0	0.00179545361486	0
Chlamydiaceae	0	0	0	0	0	0	0	0	0	0	0	0	0	0	0.0080467648685	0	0	0	0	0.00398179259125	0	0	0	0	0
Chlorellaceae	0	0	0.0500708021826	0	0	0.00808128606713	0	0	0	0	0	0	0	0	0.00727752635272	0	0	0	0	0	0	0	0.0690592525468	0	0
Chlorobiaceae	0	0	0	0.000618458222146	0	0.00091230559592	0	0	0	0.00404014942691	0	0	0.000486094701782	0	0	0	0	0	0	0	0	0	0.001088240846149	0	0
Chromatiaceae	0	0.00112025041301	0	0	0	0	0	0	0	0	0	0	0	0	0	0	0.000593425198416	0	0	0	0	0	0.000281249652723	0	0
Chromobacteriaceae	0	0	0.0139235124511	0.19615393830224	0.26723844674588	0.237705062387081	0.00088559261157	0.00321622627494	0.00360841405307	0.00652967994698	0	0.002697897578764	0.000263934951993	0.00659224290485	0.000252963614443	0.00625139373485	0.00303975314589	0.00814412826063	0.00280407677544	0.00269453655496	0	0.004744017474326	0.06297834364634	0.0099180788287	0.00445174881599
Chrysiogenaceae	0	0	0	0	0	0	0	0	0	0	0	0	0	0	0	0	0	0	0	0	0	0.000438045406551	0	0	0
Clostridiaceae	0	0.067005105162286	0.4789638501219	0.451098001577409	0.860179790432869	1.84673935391189	0.0065928533926826	0.136910285456904	1.48605068707338	0.1065616298357	0.02139557113891	0.322073668888287	0.281273378204116	0.0370688306955	0.17286288415515	0.0541285393359	0.03926623352049	0.0273882372617	14.1815674163613	0.06513440576689	0.019417784240734	12.8643278926291	0.25069156437486	0.020265356285973	0.06595107876633
Clostridiales Family XVII. Incertae Sedis	0	0	0	0	0	0	0	0	0	0	0	0	0	0	0	0	0	0	0	0	0	0	0.000522336567213	0	0
Codonosigidae	0	9.87256772903e-05	0.000543408967889	0.000153284153225	5.89750851333e-06	0	4.99481261971e-05	0.000108892931538	0.000366514123248	0.00229487003956	0.00028350053728	0	0	0	2.63272067535e-05	0.000433742841416	0.000156892523192	0.000258436464844	0.000640378905951	0.000117247776791	0.000875479956947	6.16218385209e-05	1.18966196291e-05	0.000328016766787	0
Comamonadaceae	4.82643713146e-05	0.014572440093219	0.08461311880022	0.046014663471629	0.421984486103845	0.098948528287744	0.0075119683206215	0.28275080676492	0.0586217065847	0.04131570126513	0.04009226045238	0.015349162672886	0.011971451047005	0.02936063589205	0.014171265422645	0.02171749850839	0.047577613493249	0.017767911698988	0.00878786691061	0.100562291351708	0.02247599827244	0.008446239403623	0.0118038480828484	0.020950565575894	0.006491124868059
Conexibacteraceae	0	0	0	0	0	0	0	0.000237632518791	0	0	0	0.000461179491875	0	0	0	0	0.000342380032744	0	0	0	0	0	7.78844957419e-05	0.000858980828928	0
Coriobacteriaceae	0	0	0.126725599979	0.2672875035103	0.289755321781342	0.267464014034707	0.00546575621148	0.0173424886561	0.00312705609159	0.00391591312937	0	0.0841425254736	0.6560519469068	0	0.165320821804	0.00370064373622	0.061575087304	0.00587986670758	0	0	0.032594154302	0.0515235388306	0.344898978189	0.0750025094975	0
Corynebacteriaceae	0.00041856896472	0.0342561646015	0.01252212795761	0.012907471782037	0.0017318589446094	0.006618116609162	0.003803375999904	0.100640981783599	0.13289622503455	0.03154555299892	0.01918260141331	0.01803425034362	0.004249446787507	0.05533598750491	0.022471846610343	0.01026464595145	0.026978557260303	0.04585897578593	0.02950218084637	0.0339805924843	0.030974598285731	0.01355847629391	0.0031147731702192	0.00625348338724	0.004798674016244
Coxiellaceae	0	0	0	0	0.00191286232394	0	0	0.000735823390544	0	0	0	0	0	0	0	0	0	0	0	0	0	0	0	0	0
Cryptomonadaceae	0	0	0	0.0205287592596	0.0695051030128	0	0	0	0	0	0	0	0.0322703159338	0	0	0	0	0	0	0	0	0	0.0828499713244	0	0
Cryptosporidiidae	0	0	0	0	2.69747698542e-05	0.000133718239257	0	0	0	0.00104965666472	0	0	0	0	0	0.000991953915511	0.000239204951005	0	0	0	0.000364034625766	0.000140926876861	0	0.000300064909526	0
Ctenocladaceae	0	0	0	0	0.0151034551825	0.00623918648371	0	0	0	0	0.0302517414017	0	0	0	0	0	0	0	0	0	0	0	0.403689254209	0	0.0089889958814
Cyanidiaceae	0	0	0	0.19356236214032	0.357118465544	0.227131961419	0	0.132707746376	0	0	0	0	0.013764981742	0	0	0	0	0	0	0.107167343228	0	0.00704048394329	0.03562463959025	0	0.00962459689755
Cyanophoraceae	0	0	0	0	0.00181072939357	0	0	0	0	0	0	0	0	0	0	0	0	0	0	0	0	0	0	0	0
Cyclobacteriaceae	0	0	0	0	0	0	0	0	0	0	0	0	0	0	0	0	0	0	0	0	0	0	0.00236046722546	0	0
Cystobacteraceae	0	0	0	0	0	0	0	0	0.000743571645123	0.00093115117941	0	0	0	0	0	0	0	0	0	0.000475736768359	0	0	0	0	0
Cytophagaceae	0	0	0	0.000187891309318	0	0.000143341156096	0.000253632754083	0	0	0	0.00290741103458	0	0.000899837733136	0	0	0.0012958320977	0	0	0	0.001777298514225	0.001206449878502	0	0.0002009912363845	0	0
Debaryomycetaceae	1.24336404556e-05	0	0.000710777231374	0.000326514383415	7.33914857771e-05	0	3.91991957607e-05	0.000123709620862	0.001240598289366	0.000391068775327	0	0.000585535096178	0.000220841923075	0	0.000347939989612	0	0.0002943351064258	0.000921214591299	0.002404752725721	0	0.00058356233781	0.00024180351649	0.000186728895451	0	0.0002370531687705
Deferribacteraceae	0	0	0	0	0	0	0	0	0	0	0	0	0	0	0.000340181217445	0	0	0	0	0	0	0	0	0	0
Deinococcaceae	0	0.00142380158203	0	0.00442218129077	0	0	0	0.002526550813682	0	0	0	0	0	0	0	0	0	0	0	0	0	0.000395058510147	0	0.0007084448636	0
Dermabacteraceae	0	0	0	0	0	0	0	0.000418034914985	0	0	0	0	0	0	0	0.00499535596873	0	0.000992125605255	0	0	0	0	0	0.000755544694854	0
Dermacoccaceae	4.73677617449e-05	0.00147585143391	0	0	0	0	0.000149335037636	0	0.0164370731867	0	0	0	0	0	0.000393565756188	0	0.000781796123284	0	0	0	0.00118977829668	0	0.000355685443143	0	0
Desulfarculaceae	0	0	0	0.000872839704769	0	0	0	0	0	0	0	0	0	0	0	0	0	0	0.00729296699562	0	0	0	0.000270969744657	0	0
Desulfobacteraceae	0	0	0	0	0.000809278672911	0.000925782355384	6.38172479974e-05	0.000231882146078	0	0	0	0	0.000559178228366	0	0	0	0	0	0.00136365540828	0	0	0	0.0002015766961475	0	0
Desulfobulbaceae	0	0	0	0	7.92614202696e-05	0	0	0	0	0	0	0	0.000404800519508	0	0	0	0	0	0	0	0	0	0.002915138937817	0	0
Desulfomicrobiaceae	0	0	0	0	0	0	0	0	0	0	0	0.00074386652556	0.00381664265001	0	0	0	0	0	0	0	0	0	0	0	0
Desulfovibrionaceae	0	0	0.0617656431954	0.552846392455721	0.0750072815154	0.0816497635127	0.00558924447608	0	0	0	0	0.22795449196903	0.14219602229322	0	0.07598187693149	0.0188535595499	0.00862240451789	0.0171096607028	0.139177188474	0	0.000623363052841	0	1.11511975213683	0.0160906781558	0.01304582424065
Desulfurellaceae	0	0	0	0	0.000144906012664	0	0	0	0	0	0	0	0	0	0	0	0	0	0	0	0	0	0	0	0
Desulfuromonadaceae	0	0	0	0	0	0.00031793167629	0	0	0	0	0	0	0.000327551889941	0	0	0	0	0	0	0	0	0	0	0	0
Dipodascaceae	0	0	0	0	0	0	0	0	0	0	0	0	0	0	5.33353885508e-05	0	0	0	0	0	0	0	0	0	0
Ectocarpaceae	0	0	0	0	0	0	0	0	0	0	0	0	0	0	0	0	0	0	0	0	0	0	0.0283119452278	0	0
Ectothiorhodospiraceae	0	0.00118638118034	0	0	0.003963688725625	0.000351314119632	0	0.0013085605305	0.00220219030188	0	0.00340681078395	0.000846518935501	0	0	0	0	0.000628456351511	0	0	0.00140896025877	0	0	0	0.000788351986298	0
Eggerthellaceae	0	0	0.0452711660502	0.0588581489686	0.114423910827448	0.801898078497684	0.00236528912116	0.000416047549842	0	0	0	0.0491416001073	0.113581661994	0	0.15126407219111	0	0.0309545422242	0.0118489077081	0.0073400928149	0.0031254372822	0	0.010619620983945	0.095817303397843	0.0233105363751	0.0154489584383
Elusimicrobiaceae	0	0	0	0	0	0.00074055419779	0	0	0	0	0	0	0	0	0	0	0	0	0	0	0	0	0	0	0
Enterobacteriaceae	0.0408093856299883	5.97757760924591	12.5749782444807	0.493295972501929	2.64881120500864	2.75905546406703	0.0406381501315655	6.82468075119902	9.38132551005376	0.18486421369942	0.37249996310217	0.309023973338252	1.54334874299551	5.51891733607218	0.831828225692371	16.7210505833077	8.63235741481808	6.11287092825227	3.865447852042	4.36015153283519	5.36522867341935	1.07078758632838	4.35892358862621	5.49537002577363	3.24423619564629
Enterococcaceae	0	1.89776718395774	0.32576891251467	0.56196573366	0.286929802695314	0.785594610305	0.00670763047342	0.517203382990858	0.41075383944665	0.00279099079273	0	0.0501381549898	0.374646511944197	0.80115671109348	0.41352372680195	0.0961094724	0.030285170398	0.00104769011091	0.441454972211	0.415679370964	0	1.41513356344356	1.78894512619247	0	0.0554320190074
Entomoplasmataceae	0	0	0	0	0.00123815262795	0	0	0	0	0	0	0	0	0	0	0	0	0	0	0	0	0	0	0	0
Erysipelotrichaceae	0.0001743603639819	0.00235524834212	0.16665780907855	0.21385770980339	0.5244029173997	0.58337645191079	0.000953269663147	0.02926810158899	0.0196734179079	0.0383232843076	0.00507249624981	0.08709826045261	0.0582021987165	0	0.006787348302661	0	0.016410513707875	0.01579625225859	0	0.00139856033144	0.00284807463987	0.0143332888235	0.2668883652526	0.0070427964703	0.00150724043593
Erythrobacteraceae	0	0.03257645103774	0.01255648643898	0.0137044764709	0	0.000819386307483	0	0	0	0	0.00397293184725	0.000960821807663	0.00622989002235	0	0.000368945326043	0	0.001446203928273	0.00117498639627	0	0	0.00108555997971	0.000431779366442	0.00178491098665	0.00810231537655	0.000574493334598
Eubacteriaceae	0.0015297458517611	0.00519852674126	0.19102575118525	1.55534967179037	1.3152383836261	1.329022029743	0.006466435036902	0.11249154746267	0.00231832770964	0	0.2457061805636	0.035654409709639	0.3954783170051	0.1006697248229	0.06583198123884	0.060589566714	0.01244576182158	0.00671570000839	0.0459069872235	0.03720649440791	0.0201371324118	0.04267575642209	0.424283284150924	0.00912920231532	0.00266421214966
Ferrimonadaceae	0	0	0	0	0.000229515280959	0.0105241308682	0	0	0	0	0	0	0	0	0	0	0	0	0	0	0	0	0	0	0
Fervidobacteriaceae	0	0	0	0.000818615639662	0	0	0	0	0	0	0	0	0	0	0	0	0	0	0	0	0	0	0.00330376918615	0	0
Flavobacteriaceae	0.0001862026073409	0.003393560505711	0.00540173601301	0.033027314038203	0.000442276442991	0.003581217741428	0.003691040183821	0.00113319436294	0.00216708894956	0.00794120684815	0.028937387030113	0.00439843842211	0.00317218159116	0	0.089339900614866	0	0.001190409724759	0.00489410473145	0	0.00186818178874	0.00792050453666	0.036630828377847	0.0053188808443218	0.001528322241129	0.000554504351568
Francisellaceae	0	0	0	0	0	0	0	0.000767628631682	0	0	0	0	0.00127394451501	0	0	0	0	0.00364363833507	0	0	0	0	0	0	0
Frankiaceae	0	0.000457611049232	0	0	0	0	0	0	0	0	0	0	0	0	0	0	0.00123489964556	0	0	0	0	0	0	0.000912249584517	0
Fusobacteriaceae	94.7267725492697	2.90773161511534	0.3111063003256	0.5031641250858	0.172813355097533	0.116849767248534	0.00167399809159	0.169421474808522	0.40260501738503	0.0256373185486	0.0938009566738	0.01929498323008	0.000400335366031	1.97512916006514	2.50068807699893	0.371495369589	0.11487850338209	0.75690893907458	7.5998536286021	2.9895178618279	0.15565887746356	8.07344560566608	17.443118098285	0.0781752477546	0.0415646201078
Gallionellaceae	0	0.00136842623252	0	0	0.123532869957833	0	0	0.0783677166481	0	0	0	0	0	0	0	0	0	0	0	0	0	0	0	0	0
Geminigeraceae	0	0	0	0	0	0	0	0	0	0	0	0	0.00186385023471	0	0	0	0	0	0	0	0	0	0	0	0
Gemmatimonadaceae	0	0	0	0	0	0.00026248785594	0	0	0	0	0	0	0	0	0	0	0	0	0	0	0	0	0.000213629542003	0	0
Geobacteraceae	0	0.000890606299658	0	0.000310615365924	0.000109264937435	0.000983083687809	0	0.000406861122015	0	0	0	0.000570989626916	0	0	0	0	0	0	0.00173022041324	0	0	0	0.000313095129342	0	0
Geodermatophilaceae	0	0	0	0	0	0	0	0	0	0	0	0	0	0.0018724884419	0	0	0.00039051463146	0.001317106189408	0	0.002668148765726	0	0	0	0.0073496957029	0
Gordoniaceae	0	0	0	0	0	0.000230083927679	7.86201739917e-05	0	0	0	0	0.00221762110488	0.002144130189738	0	0.000186229032107	0.0034136353309	0.000369933443281	0.000677980716488	0	0.00331747157122	0	0.000242487558346	8.41523363879e-05	0	0
Gracilariaceae	0	0	0	0.0173527034405	0.117503588496	0.11914446301	0	0	0	0	0.128375977429	0	0.0818330833223	0	0	0	0	0	0	0	0	0	0.035016022261	0	0
Halanaerobiaceae	0	0	0	0	0	0	0	0	0	0	0	0.0123457603332	0	0	0	0	0.000844529738212	0	0.00384843376049	0	0	0	0	0	0
Halieaceae	0	0	0	0	0	0	0	0	0.00177011808412	0	0	0	0	0	0	0	0	0.00100292083037	0	0	0	0	0	0	0
Halobacteriaceae	0	0	0	0	0	0	0	0	0	0	0	0.00146577353364	0	0	0	0	0	0	0	0	0	0	0	0	0
Halomonadaceae	0	0	0	0	0.0001268772845904	0.000299694171129	0	0.000817601494429	0	0	0	0	0.000647982215577	0	0	0	0	0	0	0	0	0	0	0.000738855116496	0
Halothiobacillaceae	0	0	0	0	0.000380246120097	0	0	0	0	0	0	0	0	0	0	0	0	0	0	0	0	0	0	0	0
Helicobacteraceae	0	0.00677644431502	0.00828869271851	0.0052606452405	0.00134933278876	0.00200665739496	0.000685679156841	0	0.0083857365008	0.0105011917603	0.0129728196141	0.0112821296847	0.0013782508868	0.0229495046943	0.00361415298293	0.0347336850419	0.00717931056394	0.00985491853709	0.0146516830467	0.0107303800767	0.0182097515361	0.00211483460426	0.00217752956587	0.00750492818598	0.00192737040379
Heliobacteriaceae	0	0	0	0.00674402984188	0.00878213532525	0	0	0	0	0	0	0.00667543318607	0	0	0	0	0	0	0	0	0	0	0.0114345950289	0	0
Hemiselmidaceae	0	0	0.0119244396239	0	0	0	0	0	0	0	0	0	0	0	0	0	0	0.00567106949597	0	0	0	0	0	0	0
Herpesviridae	0	0	0	0	0	0	0	0.04152049151193	0	0.121687250699	0	0	0	0	0.278571643938	0	0.0143093234564	0.0152264361356	0	0.0320806179005	0	0.00843029484231	0.00210275805066	0	0.2362967185286
Herpetosiphonaceae	0	0	0	0	0	0	0	0	0	0	0	0	0	0	0	0	0	0	0	0	0	0	0	0.00402522467631	0
Histionidae	0	0	0	0.0462216757939	0.00711339615374	0	0	0.0218905593387	0	0	0	0	0.0726584623063	0	0	0	0	0	0	0	0.0479989731283	0.0185815988281	0.0717467114467	0	0
Hydrogenophilaceae	0	0	0.0103667474107	0.000548294951104	0.222006864728	0.0288620747793	0	0.0207737741328	0	0	0	0	0	0	0.00188343990372	0	0.0142171181554	0.00123256410506	0	0	0	0	0	0	0.00180793547501
Hydrogenothermaceae	0	0	0	0	0	0.000741765981502	0	0.0018419331533	0	0	0	0	0	0	0.000667990395723	0	0	0	0	0	0	0	0	0	0
Hyphomicrobiaceae	0	0.00102386683366	0	0.00263058066729	0	0	0	0	0	0	0	0	0.002007079220692	0	0	0	0.000457658045618	0.00150772675473	0	0	0.00139297597868	0	0.000544435797943	0.00114819630175	0.000481889871977
Hyphomonadaceae	0	0	0.0022385889637	0.00215306955531	0.000795244383355	0	0.000123457650502	0	0	0	0	0.00174117072891	0	0	0.000325367069551	0	0	0	0	0	0	0	0	0	0
Hypocreaceae	0	0	0	0	0	0	0	0	0	0	0.000176715495321	0	3.75490133034e-05	0	0	0	6.51976188217e-05	0	0	0	9.92211518569e-05	0	0	0	0
Idiomarinaceae	0	0	0	0	0	0	0	0.000532237978765	0	0	0	0	0	0	0.00154415965603	0	0	0	0	0	0	0	0	0	0
Ignavibacteriaceae	0	0	0	0	0	0	0	0	0	0	0	0	0.000342710330649	0	0	0	0	0	0	0	0	0	0.000135363939299	0	0
Inoviridae	0	0	0	0	0	0	0	0	0	0	0	0	0	0	0.173789452444	0	0	0	0	0	0	0	0	0	0
Intrasporangiaceae	0	0	0	0	0	0	0.00051672736815	0.000375509301401	0	0	0	0	0	0	0	0	0	0	0.00220829976941	0	0	0	0	0	0
Jonesiaceae	0	0	0	0	0.000446481283479	0	0	0	0	0	0	0	0	0	0	0	0	0	0	0	0	0	0	0	0
Kineosporiaceae	0	0	0	0	0	0.000245557248579	0	0	0	0	0	0.000591689456972	0	0	0	0	0	0	0.00537883594635	0	0.000668505221032	0	0	0.0088165221424	0
Lachnospiraceae	0	7.66904713958649	2.45617238252389	35.6109308773065	60.6909096723383	50.4915515468537	0.389917192788998	4.18364866254044	0.296675802015	1.1075024376904	0.36274335480422	0.87282318657248	9.1817546072343	1.83148290451542	2.52215778013749	1.79199619118261	1.38858179780773	0.95920684281923	1.39616238384725	0.87822093481422	0.0675130817519	2.84147287186612	13.103472268524	1.99723288312572	0.348910982135276
Lactobacillaceae	7.19937181861e-05	0.22008512743381	0.5125076871504	0.103505450439735	0.08890947028405	0.007187972102143	0.00217343084091	0.377161991880201	0	0.02727822975153	0.0100904310642	0.01230379995734	0.007519047101516	0.06007136466551	0.013876405334532	0	0	0.0051292943876	0	0.195351687985	0.01041820076378	0.014953615258835	0.11252084147052	0.01588753442885	0
Legionellaceae	0	0	0	0	0	0.00170160345037	0	0	0	0	0	0	0	0	0	0	0	0	0	0	0	0	0	0	0
Lentisphaeraceae	0	0	0	0.000264882268731	0	0	0	0	0	0	0	0	0	0	0	0	0	0	0	0	0	0	0	0	0
Leptospiraceae	0	0	0	0	0	0	0	0.000342728366846	0	0	0	0	0	0	0	0	0	0	0	0	0	0	0.000112329853524	0	0
Leptotrichiaceae	0.00190329301409	0	0.01294978108816	0.005836138935106	0.133051843481407	0.00425709002792	0	0.00122581663231	0	0	0.0073672349016	0.00118948680613	0	0	0.132931437738755	0.0476061165864	0.003738848546418	0	0.034968712492	0	0.00134391128805	0.00260130777678	0.8045112784858	0.0163229586652	0
Leuconostocaceae	6.95557205029e-05	0	0	0.029914418767626	0.01511714077826	0	0	0.000796784624278	0	0.00947648468234	0	0.00565153259609	0	0	0.000560923849874	0	0	0	0	0	0	0.00123594272901	0.00893511955839	0	0.000869648727768
Listeriaceae	0	0	0	0.016226933260791	0.0010760319399925	0.000405652838504	0	0	0	0	0	0	0.003385206785077	0	0	0	0	0	0.00592377835069	0	0	0.003072594136915	0.002970092205551	0	0
Magnaporthaceae	0	0	0.000190236280712	0	0	3.070359846e-05	9.50227002264e-06	3.45268220522e-05	0	0	0	6.70070844307e-05	0	0	0	0	0	9.04732803055e-05	0	0.000123138090996	0.000167174994782	6.47176071628e-05	1.13162295244e-05	0	0
Malasseziaceae	0.000360554182392	0.004011030833131	0.008988557029862	0.00206821426586	0.0009292386530466	0.002958566147933	0.001136709238816	0.004631042668702	0.00829707291196	0.0309639506386	0.01357949644382	0.00672729086909	0.000270928566336	0.04011491971443	0.01084227931184	0.01762212180579	0.004061532210286	0.014748735739288	0.02032109067429	0.005818205388146	0.010130514625263	0.004175705280856	0.000486905237807	0.00596014249316	0.00151548518575
Mamiellaceae	0	0	0.000357250163109	0	0	0	0	0	0.000361432838017	0	0	0	0	0.000494572218668	0	0.000427729509448	0	0.000169902365759	0	0	0	6.07675245446e-05	0	0	0
Melioribacteraceae	0	0	0	0	0	0	0	0	0	0	0	0	0	0	0	0	0	0	0	0	0	0	0.00135063850481	0	0
Methanobacteriaceae	0	0	0	0	0	0	0	0	0	0	0	0.00998727433738	0	0	0	0	0	0	0	0	0	0	0	0	0
Methanopyraceae	0	0	0	0.00094133150313	0	0	0	0.000891628127832	0	0	0	0	0	0	0.000646710793909	0	0	0	0	0	0	0	0	0	0
Methanosaetaceae	0	0	0	0	0	0	0	0	0	0	0	0.00312105546384	0	0	0	0	0	0	0	0	0	0	0	0	0
Methanosarcinaceae	0	0	0	0	0	0	0	0	0	0	0	0.000606289813274	0	0	0	0	0	0	0	0	0	0	0	0	0
Methylobacteriaceae	0	0.091886509805965	0.0480957404769	0.01469189205739	0.00476906451836	0.002392147812958	0.01038554457924	0.023056665047849	0.14611983210067	0.0265230744294	0.0504689529372	0.092847444450713	0.022028316843825	0.0164735270333	0.129972380802743	0.07032755700411	0.098266467799553	0.02126571016429	0.10344580277821	0.049458520131963	0.10417052409175	0.107356878972539	0.0172270510661736	0.02113252016189	0.033615474982971
Methylococcaceae	3.99206894005e-05	0	0	0	0	0.000609262232029	8.23293600404e-05	0	0	0	0	0	0	0	0	0	0	0	0	0	0	0	0	0	0
Methylocystaceae	0	0	0	0	0	0	0.000220436112929	0.000400481065411	0	0	0	0	0	0	0	0	0	0	0	0	0	0	0	0	0
Methylophilaceae	4.31130440747e-05	0	0	0	0.000679931862538	0.000834824793701	0	0.00813695024267	0	0.00696566289473	0	0	0	0.00351338765355	0.000358214472624	0.0063087718848	0	0	0	0	0	0	0	0	0
Metschnikowiaceae	0	0.000678550277439	0	0.000131691936121	0	0.000100466990414	3.43297871626e-05	0.000124738451931	0	0.00157728439528	0	0.000242083096083	0.000103506995499	0	0	0	0	0.000296042765052	0	0	0.000273511403233	0.000105883081211	0	0.000225448813538	0
Microbacteriaceae	0	0.00318113804486	0.0110778317572	0	0	0.000357586152134	0	0.00303602203977	0.00639901983322	0	0	0	0	0	0.000825776532719	0.0636638326761	0.000546786131523	0	0.00523500529867	0.00265997519092	0	0.00309987083706	0	0.0137180547807	0.01064108097441
Micrococcaceae	0.0002106688243288	0.23364685077655	0.12885343453235	0.01831136393067	0.0029561806541776	0.061695737571348	0.002319749895601	0.117781060559707	0.1814667365314	0.0558006610057	0.55545855274477	0.178306618838666	0.033799293108762	0.2946662442415	0.226877583483394	0.23402130981132	0.18554613407115	0.09079813415227	0.41081493580278	0.43797991611013	0.21038729889886	0.310372729096726	0.063114286154257	0.13374145841321	0.05405332283013
Micromonosporaceae	0	0	0	0	0	0	0	0	0	0	0	0	0	0	0	0	0.000248171129455	0	0	0	0	0	0.0002547232362923	0.018935497776231	0
Moraxellaceae	0.0008512584639912	0.07526727133904	0.01424833271307	0.010823985887187	0.0034135395212042	0.024134659581206	0.012657397786614	0.044828282544242	0.05443567288199	0.03310552447258	0.02282137483401	0.340086281988465	0.016168066173005	0.08865971117613	0.028062182674895	0.04533990693746	0.132326907819581	0.073533095802286	0.03211936398258	0.06926549852703	0.048922894853687	0.018847036981679	0.004820316587468	0.011168635861389	0.006632245065147
Mortierellaceae	0	9.80672359172e-05	0.000359856502828	0	2.34327025987e-05	0	1.98460007967e-05	0	0.000546104539032	0.00250752108794	0	0	5.98372458706e-05	0.000249090199787	2.61516199898e-05	0.000215425017706	5.1948714552e-05	0	0	0.000116465804064	0	6.12108576182e-05	1.18172762731e-05	6.5165818126e-05	0.000125516193576
Mucoraceae	0	0	0	4.36065439646e-05	2.01328024215e-05	6.65343431575e-05	1.13674642298e-05	4.13040687867e-05	0	0.000783418370402	0.000161301457232	0	0.000102821383362	0.000285349573959	2.99584392674e-05	0.00222105459658	0	9.80272766117e-05	0.000728704444102	0	0.000362266282393	0	2.70749692501e-05	0.000149303653494	4.79290800311e-05
Mycobacteriaceae	0	0.00129608239866	0	0.000626828957512	4.10396310907e-05	0.000239102031303	0	0.00050285914172	0	0	0.000919853498464	0	0.00028509013174	0.00387550481424	0.000853645505931	0	0.003387323579496	0	0	0.0033762216401	0.000516473801528	0.000799759524819	0.000194596650029	0.002108615668468	0
Mycoplasmataceae	0	0	0	0.01154619185815	0.001814189040261	0	0	0	0	0	0	0	0.001282808475	0	0	0	0	0	0	0	0	0.00211728797156	0.002361363607925	0	0
Myoviridae	0	0.0596354170039	0	0	0	0	0	0	0	0	0	0	0	0.0735362687017	0	0	0	0	0	0	0	0	0	0.0288414786435	0.0185172365949
Myxococcaceae	0	0	0.000748100263399	0	0	0	0	0	0	0	0	0	0	0	0.000839478062608	0	0	0	0	0	0	0	0	0	0
Nakamurellaceae	0	0	0	0	0	0	0	0	0	0	0	0.000483938341657	0	0	0	0	0.000359276221475	0	0	0	0	0	0	0.000450685432884	0
Nannocystaceae	0	0	0	0.000602752900268	0	0	0	0	0	0	0	0	0	0	0	0	0	0	0	0	0	0	0	0	0
Natranaerobiaceae	0	0	0	0	0	0	0	0	0	0	0	0	0	0	0.00103033641093	0	0	0	0	0	0	0	0.00186233510994	0	0
Natrialbaceae	0	0	0.00193917046996	0	0	0	0	0	0	0	0	0	0	0	0	0	0	0	0	0	0	0	0	0	0
Nautiliaceae	0	0	0	0.00095167723072	0	0.002183684068567	0	0	0	0	0	0	0	0	0	0	0	0	0	0	0	0	0.00413622373859	0	0
Nectriaceae	2.598429927435e-05	0.000200688537347	0.000631894319434	0	7.99226293854e-06	5.31068943994e-05	2.03068070331e-05	0.0003529059154144	0.00052939015521	0.000392879366246	0.0002574976786177	0.0002034968505089	2.04088709145e-05	0.003273137708881	3.56784493546e-05	0.001685158555468	3.5436611229e-05	0.0003191459844768	0.001901770355036	0	0.0002524368283388	4.17547456779e-05	0	0.000177810425707	2.85401258597e-05
Neisseriaceae	0.0003605059938329	0.02312856427223	0.04067222245617	0.016285801803709	0.025261894001212	0.08427085953092	0.001943073754896	0.109843008427326	0.044638743855	0.1261651697786	0.42947245263827	0.0213393318138	0.006145490450727	0.09010716810134	0.030149449050036	0.00823112375517	0.022636754586221	0.04243019496041	0.06426672522862	0.06234097227005	0.05398020700394	0.004076610007287	0.009615695627897	0.01957213821234	0.00879233423429
Nitrosomonadaceae	0	0	0	0.01467696356244	0.0805805705109413	0.016447379092	0.001194445246585	0.097233778097968	0	0.00343455051471	0	0.00210855220464	0	0	0	0	0.00860964986677	0	0.00319468156239	0.0140380380653	0	0	0.005084799420831	0	0
Nitrospiraceae	0	0	0	0.00073912573994	0	0.000281937303135	0	0	0	0	0	0	0	0	0.000547004908448	0	0	0	0	0	0	0	0.002559485035251	0	0
Nocardiaceae	7.65250533234e-05	0.014305883012	0.0240603274234	0.001326826246772	0.0007833657201	0.008033753818556	0.00446328091086	0.005174190391545	0.0464711387572	0.00415673804613	0.0366236949524	0.00425320049584	0.001928760803224	0.00302807152687	0.002815226345419	0	0.003396053458887	0.00934862432096	0.0103104840755	0.00212372938864	0.018621652245528	0.00404252320833	0.000430971084027	0	0.000180730685119
Nocardioidaceae	0	0	0	0	0	0	0	0	0	0.00180485145056	0.0011148264327	0	0	0	0.000144612680509	0	0.00164522140358	0	0	0	0	0.000242319309422	0	0.014807012090561	0.000331259284513
Nocardiopsaceae	2.25573860598e-05	0	0	0.00109122846859	0	0	0	0	0	0	0	0	0	0	0.000937115706463	0	0	0	0	0	0	0	0	0	0
Noelaerhabdaceae	0	0	0	0	0	0	0	0	0	0	0	0	0	0	0.0326406717161	0	0	0	0	0	0	0	0	0	0
Nostocaceae	0	0	0	0	0	0	0	0.000569651504621	0	0	0	0.00497491743776	0	0	0	0	0.000240343863647	0	0.000980997292431	0	0	0	0	0	0
Oceanospirillaceae	0	0	0	0.000340590511694	0	0	0	0.00266663108616	0	0	0	0	0	0	0.00134546700386	0.01301085263393	0	0	0	0	0	0	0.000713718591092	0	0
Oscillospiraceae	0	0.000919398165148	0.00674744027039	1.97349445247	1.19514592849	1.52489718029	0.00930299327159	0.0405632918209	0	0	0.00132007133781	0.00459212922687	0.414006973045	0	0.0154461000781	0.0383733253916	0.0155849165791	0	0.18288458508	0	0.000741185703229	0.125389047622	0.304116116329	0.0366564835167	0.0121596170447
Oxalobacteraceae	0	0.00617253792587	0.0218087392381	0.01750632722457	0.192453760451471	0.04043257386752	0.004776856787808	0.08742019524798	0.02714679464439	0.08705694288534	0.0204800093156	0.00759096433698	0.005339437019099	0.00201278126929	0.006852141457539	0.01730425567296	0.009028871771915	0.020473825277587	0.00685345410117	0.0178810069345	0	0.00112381462308	0.0007681780685781	0.022926336877061	0.01055789666408
Paenibacillaceae	0	0.00270262356061	0	0.055010395221429	0.038194320075443	0.039730739138408	0.0001437221526285	0	0	0	0	0.0104938834131	0.02257213728355	0	0	0	0	0	0	0	0	0.00164690993821	0.02272928278866	0	0.00422559038749
Pasteurellaceae	0.0001408622437181	0.00382496254408	0.0264335866971	0.55980255515354	0.324438261273546	0.22408416406136	0.000199293998854	0.061682202394056	0.33903558100501	0.0228914406734	0.10288630775701	0.01410951728813	0.308588864319652	0.0350191736356	0.01772406979704	0.00432660601715	0.01221738398958	0.0399383403707	0.0044752234039	0.0233910459436	0.03918757831641	0.084717801701668	0.072395660257446	0.0492585590032	0.00336116404775
Paulinellidae	0	0	0	0	0.005527772848	0	0.00244261051427	0	0	0	0	0	0	0	0.00536449153382	0	0	0	0	0	0	0	0.00193926582121	0	0
Pelagibacteraceae	0	0.0287940823029	0	0.00993477109691	0	0	0.00485591488143	0	0	0.0148736891978	0	0.0205454505717	0.0165930919325	0.024378932972	0.00682535714786	0	0.0101686395621	0	0	0	0.020633557859	0.0169739996042	0.00539737039015	0	0.00136494547522
Pelobacteraceae	0	0	0	0	0.00081050857817	0	0	0	0	0	0	0	0	0	0	0	0	0	0	0	0	0	0.000116784331635	0	0
Peptococcaceae	0	0.00142113391242	0	0.048081338103007	0.0163366966779178	0.061076701883606	0.000854574314911	0	0.00289047681651	0	0	0.00611102430905	0.002427656283546	0	0	0	0	0	0.068394105242	0.0162348498836	0.000679904700385	0.0015315044521	0.062383333706077	0	0
Peptoniphilaceae	0.0001362229620493	0	0.00399145201571	0.1244459877898	0.00519821135849	0.020740866332362	0	0.029704141359521	0	0	0	0.00441979313137	0.000663702041697	0.015764656382	0.000551702828031	0	0.00436414175058	0	0.00894635618412	0.09128886210171	0.00166783832356	0.001287481514917	0.14104194378294	0	0
Peptostreptococcaceae	0	0.2503912686539	0.4008917921402	0.6264564419068	3.41704427511223	0.184439029166904	0.00419949476875	0.12038024204347	0.0169641952246	0.0200060899603	0.0619579595448	0.22652555954692	0.976131568657739	0.0482566903786	0.21448067083158	0	0.11742441277358	0.000886058855717	0.579014792138	0.03065732378884	0	0.193294656894909	0.69806750155572	0.032961423329829	0.00909775047102
Peronosporaceae	0	0.000100187676046	9.19093578788e-05	0.000349996706962	3.59090576208e-05	2.96678216002e-05	0.000319333095407	0.000405186811674	0.00037194172027	0.000116442703865	0	0.000500408607264	3.05655326608e-05	0.000254476105186	0.00016030247047	0.000110041502059	0.000212287862949	0	0.000433241389252	5.9492031864e-05	0.000323070791046	0.000781679721595	0.000277674240801	0	0.000320575358907
Phaeodactylaceae	0	0.00391364078274	0.00430831685699	0.00328126917062	0.000467572985424	0.0076024952312	0.00232850599954	0.0010360048073	0.0127856916297	0.00582222398837	0.00651827560111	0.000558500266903	0.000191037492656	0	0	0	0.000829262111775	0	0	0.000371830869967	0.00719348279015	4.88557277016e-05	0	0.000312074385791	6.67875516871e-05
Phaeosphaeriaceae	0	0.000992142708536	0	4.27896546635e-05	6.58521699344e-06	0	3.34635463787e-05	0	0	0	0.000316559535527	7.86582108697e-05	0	0	5.87944447765e-05	0.000968643190127	0.000233583680867	0	0.000238351163839	0	8.88699705966e-05	0	1.3283884469e-05	7.32533605301e-05	0
Phanerochaetaceae	0	0	0	0	0	0	0	0	0.000217061497175	0	0	0	0	0	0	0	0	0	0	0	0	0	0	0	0
Phyllobacteriaceae	0	0.004519188440471	0	0.00023847935814	6.46454700332e-05	0.000717462281613	0.000219002318555	0.001021639766551	0.00214482979655	0.00268590230383	0.002541176549922	0.001210553877146	0.000347223593378	0.00151647557016	0.001776271882523	0.00401078699903	0.001214982974973	0	0.00233983527569	0	0.00297179124895	0.000564397658393	0.0004067885780179	0.001834954045509	0.00178301633927
Piscirickettsiaceae	0	0	0	0	0.0001821631514246	0	0	0	0	0	0.00214969637611	0	0	0	0	0	0	0	0	0	0	0	0	0	0
Planctomycetaceae	0	0.00066335533508	0	0	0.0002459639454369	0.00278984120189	0	0.000164944237014	0.00916035100482	0	0	0	0	0	0	0	0	0.000597097348216	0	0.002886349141656	0	0.000140011390014	6.93150905961e-05	0	0
Planococcaceae	0	0	0	0	0	0	0	0	0	0	0	0	0	0	0.000550214396091	0	0	0	0	0	0	0	0	0	0
Plasmodiidae	0	0	0	0	0	5.18637834517e-05	0	0	0	0	0	0	5.54193083986e-05	0	4.67054436245e-05	0	0	0	0	0	0	0	0	0	7.74993405259e-05
Pleosporaceae	0	0	0	0	0	0	1.09909239976e-05	0	0	0	0	0	0	0.000275897545551	0	0	0	0	0	0	0	0	0	0	0
Podoviridae	0	0	0	0	0	0	0.00638914914906	0	0	0	0.345705580481	0	0	0	0.0642077251809	0	0	0	0	0	0	0	0.00760882168832	0	0
Polyomaviridae	0	0	0	0	0	0	0	0	0	1.85773187848	0	0	0	0	2.98371788292	0	0	0	0	0	0	0.748257102956	0	0	3.747070692427
Porphyromonadaceae	0	0.016691994449835	0.04267632599177	1.07410921231365	0.026958908213682	0.087554612965208	0.0069138427580284	0.010464907074113	0.02165211227993	0.00518480785859	0.0174669829339	0.31718808358411	0.10376233426215	0.01803696596741	0.012295589073455	0.05162959335921	0.009155545716287	0.02116225326873	0.15955826264446	0.02830645462091	0.02652253262256	0.000617464590657	0.271290231915346	0.016438220120408	0.023872574655629
Prevotellaceae	4.16378192617e-05	0.00411728786683	1.85371092287936	7.7614796237484	0.0047348406107417	0.000798501435114	0.001095761994221	0.083496783159313	0	0.0180936830453	0.09392801620451	0.001924051858652	0.095865504576985	0.00659037998519	4.05521503569665	0.09773775836888	0.00137444897042	0.011375571864798	0	1.4030378918191	0.0508799290017	0.00364388613182	1.87693168591237	0.008688422359364	0.00774872700017
Prochlorococcaceae	0	0	0	0	0.000203688120476	0.000695083456169	0	0	0	0	0	0	0	0	0.000648972225302	0	0	0	0	0	0	0	0.000268759301406	0	0
Promicromonosporaceae	0	0.0012426253768	0	0	0	0	0	0	0	0.03636582419839	0	0	0	0	0	0	0	0	0	0.00127406284429	0	0	0	0.000712873175602	0
Propionibacteriaceae	0.013699766015402	0.56358650135553	1.06422905018063	0.061846563137009	0.039854618581109	0.258571179227043	0.067277094441635	0.441395158285027	1.04490870202779	0.96551022285235	0.71582006891772	0.823150489678198	0.141153116980611	2.40450089872116	0.659591363557596	0.9648810161083	0.646677727064557	1.15291684260922	0.89656484941688	1.03274914629156	0.9298051386963	0.47297217565694	0.102988571983584	0.37228312656381	0.274998612319047
Psathyrellaceae	0	0	0	0	0	3.36297219522e-05	0	0	0	0	0	8.10334536453e-05	3.46473151469e-05	0	0	0	6.01593024001e-05	0	0	0	0	3.54426719254e-05	0	0	0
Pseudoalteromonadaceae	0	0	0	0	0	0	0	0	0	0	0	0	0	0	0.000271465920963	0	0	0	0	0.00094108621456	0	0	0	0.000676451357116	0
Pseudomonadaceae	0.0025026719264703	28.7042257245066	32.5588190014772	3.81198923463386	1.74615716817836	8.75707317015117	8.84845859820159	10.2776031411513	37.3375400346326	73.9710529398888	40.1969965829313	26.1861011003581	12.3169511741631	23.4208292786958	8.83746356005258	28.4483627153186	8.72404600162078	9.46717328255475	34.9207471888451	9.09070535318145	14.48441391039	12.7270445344886	1.3144423872458	8.52396788005834	6.82203092697485
Pseudonocardiaceae	0	0	0.00183647699638	0	0	0.00196293041591	4.06284304934e-05	0	0	0	0	0	0	0	0.000254410698057	0	0	0.00174679716662	0	0.00393620807163	0	0	0	0.003052116847108	0
Psychromonadaceae	0	0	0	0	0	0	0	0	0	0	0	0	0	0	0	0	0	0	0	0	0	0	0.000760390221816	0	0
Pucciniaceae	4.04698688392e-06	0.0003059648421896	0.01750811307731	0.0001604317041509	8.09210780769e-06	0.0001120170640134	0.0001793450393159	0.000351180073415	0.000130074116554	0.0004777721141012	0.000174317344145	0.000388228469944	0.0001339262834805	0.001162617974646	0.000652569874894	0.000897643790323	0.000922717122871	0.0026869803640288	0.00966764929539	0.002201974975684	0.000581664875085	0.000399368241727	0.0001626222659006	0.001661703481032	0.0001314904512181
Pycnococcaceae	0	0	0	0.477371008977	0.480591139882	0.531100919388	0	0.169561978538	0	0	0	0.0365636953045	0.156334676256	0	0.0136650842972	0.225133359067	0.0271449173611	0	0	0	0	0	0.0617491675458	0	0.0218621174844
Pyrenomonadaceae	0	0	0	0	0.0133502120543	0	0	0	0	0	0	0	0	0	0	0	0	0	0	0	0	0	0	0	0
Retroviridae	0.0179532326192	0	0	0	0	0	0	0	0	0	0	0	0	0	0	0	0	0	0	0	0.398935842878	0	0	0	0
Rhizobiaceae	0	0.007447855605461	0.00688041977023	0.002495396762238	0	0.001832686995344	0.0004737265380318	0.003706601871699	0.01302668257138	0.00484933738115	0.008004401442452	0.006767602460655	0.003099028892472	0	0.003567634872884	0	0.00632224202637	0.011681977864045	0	0.005276229253468	0.00059449189883	0.002828327038599	0.0002932884635153	0.003017746058379	0.002633042110229
Rhizopodaceae	0	0	0	0	5.32758634129e-06	0	0	0	0	0	0	0	0	0	0	0	0	0	0	0	0	0	0	0	7.60985897876e-05
Rhodobacteraceae	0	0.013737194403268	0.00165531206177	0.005499580567035	0.0009379276116114	0.006555240103484	0.000640460183591	0.002102269419523	0.00318949768111	0.00520190795716	0.00547583534088	0.002698371747414	0.001697837301862	0.0038895693744	0.001631304981151	0.00344872093435	0.000978157542615	0	0.00212674595822	0.00103614410451	0.001106693500137	0	0.002594267490505	0.006796519902019	0.000918626251886
Rhodobiaceae	0	0.00104994876138	0	0.000815089403462	6.27200737311e-05	0	0.000106239784164	0	0	0.00488119407575	0	0	0	0	0	0	0	0	0	0	0	0	0.000126520692357	0	0
Rhodocyclaceae	0	0	0	0.00721041622533	0.006399195698763	0.00753393109026	8.79795280471e-05	0.000319676614312	0.00341132040122	0.00208856387246	0	0.001261514065793	0	0	0	0	0	0	0	0.00621340837133	0.00151441079649	0.000280410531904	0	0	0.000370951494163
Rhodospirillaceae	0	0.007342585590492	0.01443847741424	0.002244229424263	0.0006661470806947	0.004343061592209	0.00347655679976	0.002179884244498	0.02223758546561	0.01378513390425	0.00372381710468	0.018052277692628	0.00577338632326	0.0136004563931	0.021088911945321	0.02958972351799	0.01403601941163	0.00700832849894	0.04063132083944	0.0296757737711	0.014999365566088	0.0341177316039	0.004294492016208	0.005829424804071	0.0049495697508
Rhodothermaceae	0	0	0	0.000478516857925	0	0	0	0	0	0	0	0	0	0	0	0	0	0	0	0	0	0	0.000438737564625	0	0
Rickettsiaceae	0	0.0700428322538	0.0371357525769	0.01607388270824	0.00320197076195	0.02122979491683	0.015485962517517	0.01550792280907	0.02588141805509	0.2357708264373	0.0205230266152	0.0588041501618	0.03502278109799	0.0748285752999	0.03267215990178	0.023549468276	0.0170365255393	0.05059717238025	0.038631653214	0.0169754827751	0.0345694360868	0.0278806048344	0.000817944850908	0	0.0076227595987
Rikenellaceae	0	1.51566566873	0.00201950483864	0.685727641247	0.0383990760909	0.0948492319005	0.00523463500899	0.000404685632974	0.00204314914475	0.0102342833986	0	0.0636160823368	0.0910031509591	0.265598602101	0.00117409740144	0	0.011078321008	0	0.0214189227266	0	0	0	0.175080129338	0.0102398460263	0.000469595627259
Roseiflexaceae	0	0	0	0	0	0	0	0	0	0	0	0	0	0	0	0	0	0	0	0	0	0	8.65403562424e-05	0	0
Rubrobacteraceae	0	0	0	0.00593512047455	0.000685049748259	0	0	0	0	0	0	0	0.000388739626193	0	0.00101938224241	0	0	0	0	0	0	0	0.0514374473807	0	0
Ruminococcaceae	3.47062834163e-05	0.042008497989566	0.561576823053	4.83600739881827	4.25733382623072	3.97256494700513	0.027383522979383	0.857789123314951	0.01816305347852	0.108084723724	0.00621042965683	0.353583444731365	1.93620964841615	0.0118669979623	0.04589161992106	0.00475083650919	0.09312882031174	0.0028306850863	0.00233804856673	0.16370538333	0.0226654651265	0.02754897436423	0.842023289937767	0.05367059669822	0.032338915298
Saccharomycetaceae	0.000874864644996	0.08779908679634	0.0884893075069	0.011270679973575	0.0034660476555952	0.017618040692112	0.0125407367789138	0.026321163988202	0.10113981500424	0.155906052035628	0.097433771738851	0.075993418288989	0.034128937875373	0.134979686137787	0.0123459169024824	0.1395883108408	0.0384589372696604	0.05428702714748	0.182877689532226	0.037825317357494	0.091652365576731	0.018383728533074	0.0051472949835108	0.038877104913894	0.026413715496054
Salpingoecidae	0	0.00051897206502	0.000816154945578	0.000172665009863	3.54302635706e-05	0.00017563347108	6.75161275656e-05	0.000381612235016	0.000963328875636	0.000517005508629	0.000638691241535	0.000846405257681	0.000203566409513	0.000941561413386	1.97706343333e-05	0.00162861392638	0.000235639483876	0.000905683367744	0.000641197136374	0.000528289144314	0.000478144681472	0.000161964008074	5.36031912594e-05	0.000640449972203	0.000253040769385
Sanguibacteraceae	0	0	0.00177300293414	0	0	0	0	0	0	0	0	0	0	0	0	0	0	0	0	0	0.000779035826274	0	0	0.0122006662704	0.000824553038014
Saprospiraceae	0	0	0	0.000363770419817	0	0	0	0	0	0	0	0	0	0	0	0	0	0	0	0	0	0	0	0	0
Schizosaccharomycetaceae	0	0.000351946848868	0.000638379561015	0	0	0	0	0	0.00129170738209	0	0	0	0	0	9.38537745265e-05	0	0	0.000284842715469	0.00151325832425	0	0	0	0	0.000231206194922	0
Sclerotiniaceae	6.31161984976e-06	4.90368295263e-05	0	1.90339765122e-05	2.92927967207e-06	4.35627205153e-05	0	1.80289608776e-05	0	0.00239369962717	0	3.49892643434e-05	0.000164563203878	0.000124553257257	1.30766664247e-05	0.000215439127454	0.0001348100440551	9.32556789731e-05	0.000106024937332	0	7.9063453364e-05	0	0	0.000456190604161	0.000188286621814
Shewanellaceae	0	0.000882182353241	0	0	0.000365036735622	0.00160647413971	0	0.000562957145799	0	0	0	0.00109254529543	0.000977487786403	0.00388919509456	0	0	0	0.000698933887746	0.00169240044794	0	0.0021112746492	0	9.24252601477e-05	0	0.000337266216924
Simkaniaceae	0	0	0	0	0	0	0	0	0	0	0.00224531886218	0	0	0	0	0	0	0	0	0	0	0	0.000565326006907	0	0
Siphoviridae	5.15567332716491	17.315047940973	40.550975764529	15.3441791289927	1.6177078648918	5.856626681348	83.1651499897582	59.6844395537536	40.956006839201	8.765136928696	33.318681509588	38.579253649171	59.749648920133	44.747965722764	40.3689152775965	46.94054876349	77.6546694832303	79.388492420901	8.011419990521	72.746900549491	76.0584129287855	2.727059483179	3.4784338317575	80.2988071399	83.1335051448781
Sordariaceae	3.30172186602e-06	0.201836295665	0.183082748213	0.0739118084428	0.0695087887957	0.103513023588	0.0586771436201606	0.0981868359441	0.21043232582	0.380450726531	0.201025966064	0.166037158636	0.0921768528498	0.166445632003	0.0998564930829	0.215134179703	0.0782538249909	0.0526915264723	0.287152199655	0.0950504890156	0.0954550673497	0.168391548436	0.0634816920486	0.0531847729737257	0.0434939137878
Sphaerobacteraceae	0	0.00102917489964	0	0	0	0	0	0	0	0	0	0	0	0	0	0	0	0	0	0.00122226022879	0	0	0	0	0
Sphingobacteriaceae	0	0	0	0.00061983932412	0.000276038992181	0.00294400403625	0.00016097187449	0.0003260228548	0	0	0	0	0.00238313892525	0.00180373077724	0.00189175278508	0	0	0.00288009198078	0	0	0	0	0.002650400474364	0	0.00302965781857
Sphingomonadaceae	0	0.3871361986459	0.3377652227812	0.06880199211779	0.0013912093325585	0.014175128061655	0.005622666780242	0.011605424537485	0.12477382689191	0.10646173053136	0.21047988581143	0.14720976810544	0.10220704331412	0.04873951466742	0.031215806101996	0.03042803495867	0.059657498811463	0.022757639496277	0.1094780567982	0.05571765653256	0.02234513060663	0.020833635305267	0.003910174900915	0.11432600308424	0.011659218935266
Spirochaetaceae	0	0	0.0692193191439	0.00342811316656	0.002073913850687	0.004119751571396	8.93649215311e-05	0.000600969889083	0	0	0	0	0	0	2.05554082017669	0.0969483375681	0.00346350055707	0.00142628664156	0.00353419119722	0.00776495396921	0.01170730647851	0	0.00498848681728	0.00434470514484	0.0048815417777
Staphylococcaceae	0.0052038500621419	0.02426342898379	0.07701110494721	0.019257170099345	0.0118924511390141	0.103569532896467	0.018768840051401	4.94333115677461	0.05579459047369	0.15680054219645	0.10267088069838	0.14592985340696	0.032817875763063	0.1804902348065	0.075091957905073	0.05439201655062	0.051192513622531	0.1166143907186	0.0902960045334	0.12018690808991	0.19172771492757	0.080809717349606	0.021559670215443	0.085505062830379	0.055606044586379
Streptococcaceae	0.0024873785320697	1.23492911556675	0.7833765464365	0.997689857032358	0.132943167097932	3.03641586448749	0.014103903659972	0.179596987099548	0.73615810006784	0.15820474845952	1.47114950686934	0.11150921058344	1.36585189681732	0.7040246738174	1.46643819007604	0.15277085512608	0.116577253070686	0.22459029352298	3.97112792791652	0.36292189420739	0.08255941702466	0.2785475002209	0.169161992286019	0.17599139682394	0.05381449978204
Streptomycetaceae	0	0	0	0	0.00019568225727	0.00188187103968	3.48423145574e-05	0.00116825277266	0.0017855536172	0.01185975557411	0.00130350959312	0	0.00022581638826	0	0.000410772024037	0	0.001351690675744	0.000900826769735	0	0	0.000810239709282	0	0.000611927560227	0.003464906485005	0.000168878627811
Streptosporangiaceae	0	0	0	0	2.36783517844e-05	0	0	0	0	0	0	0	0	0	0	0	0.000629919625903	0	0	0	0	0	0	0.000263395851913	0
Synergistaceae	0	0	0	0.01137316373048	0	0	0	0	0	0	0	0	0	0	0	0	0	0	0	0	0	0	0.202829595781	0	0
Syntrophaceae	0	0	0	0.00150545741205	0.00532877789377	0.000382834818491	0	0.000475322515456	0	0	0	0	0	0	0	0	0	0	0	0	0	0	0	0	0
Syntrophomonadaceae	0	0	0	0	7.87786669297e-05	0	0	0	0	0	0	0.00121918047492	0.000402335022396	0	0	0	0	0	0	0	0	0	0.00776470425928	0	0
Synuraceae	0	0	0	0	0	0	0	0	0	0	0	0	0	0	0.0321255041637	0	0	0	0	0	0	0	0	0	0
Thalassiosiraceae	0	0.000284387783695	0.000260889359046	0.000938289828354	0.000152894513293	8.4213611543e-05	8.63279177138e-05	0.000470513147796	0	0.000330528501973	0.00714566668221	0.00497152295894	0.000130142714662	0.00361171645123	0.000189594444551	0.00312358367016	0	0.000496298939852	0.00276699957073	0	0.000343894790263	0.000177506992762	0.000479769269323	0.00236220109808	0.000788640115248
Theileriidae	0	0	0	0	0	0	0	0	0	0	0	0	0	0	0	0	0	0	0	0	0.001520502490083	0	0.000108679850783	0	0
Thermaceae	0	0	0	0	0.000108475545282	0	0	0.001270960023906	0.00570267665508	0	0	0.003538252737813	0	0.0135984309928	0.001945666884804	0	0.04329500078441	0	0.00754678555547	0.0021193824579	0.007714751976642	0.005421444971894	0.012190463194081	0.00236636320095	0
Thermoanaerobacteraceae	0	0	0	0.010085567447385	0.0163631578448822	0.001412528687923	0	0	0	0	0	0	0.017533597881665	0	0.012555646477915	0.00391531904714	0	0	0	0.00371382274113	0	0.000975935712862	0.009909571244449	0.00119043724562	0
Thermoanaerobacterales Family III. Incertae Sedis	0	0.00614665445476	0.0029756308024	0.171105727164923	0.0339929578175751	0.056303029999243	0.000821179563468	0.00124434188882	0	0	0.00847389137925	0.0126334744689	0.03399198648322	0	0	0	0	0	0	0	0	0	0.01351689648682	0	0
Thermoanaerobacterales Family IV. Incertae Sedis	0	0	0	0	0.000156591382218	0	0	0	0	0	0	0	0	0	0	0	0	0	0	0	0	0	0	0	0
Thermodesulfobacteriaceae	0	0	0	0	0	0	0	0	0	0	0	0	0	0	0	0	0	0	0	0.00298671536638	0	0	0	0	0
Thermodesulfobiaceae	0	0	0	0	0.000129305187593	0	0	0	0	0	0	0	0	0	0	0	0	0	0	0	0	0	0	0	0
Thermomonosporaceae	0	0	0	0	0	0	7.37542975331e-05	0	0	0	0	0	0	0	0	0	0	0	0	0	0	0	0	0	0
Thermotogaceae	0	0	0	0	0	0	0	0	0	0	0	0	0	0	0	0	0	0	0	0	0	0	0	0	0.000968924754266
Thiotrichaceae	0	0.00924234803384	0.0056524468651	0	0	0.001071777989086	6.94038130441	0.003992115020707	1.42393776313	8.61498777245	19.1311441632	27.6783212719269	0	0.039125848994	20.7844760532	0	0.0212155984583	0.00268821177392	0	0	0.186705399754037	0.00576881814059	0.0025986785282	0.212907186249	0
Tremellaceae	0	0	0	0	0	4.24982605024e-05	0	0	0	0	0.00031225396387	0	0	0	0	0	0.000355485617192	0	0	0	0	0	0	0	0
Trichocomaceae	3.69675537686e-05	0.028015355057257	0	5.56989632292e-05	2.402433558448e-05	0.0017735980018	0.0001308720276408	0.000708792786329	0.003792306208302	0	0.00219055167065	0.00236042286461	0.0001664742271052	0.000364479135065	0.000399299260354	0.001895531397458	0.0012352844954123	0.000804031184591	0.00074711488177	0.000854368608159	0.000231362709672	0	0	0.000343782420988	0.000540539887957
Tricholomataceae	0	0.000760254672894	0.000116239377882	9.83659950215e-05	2.64919756282e-05	0.000112564243908	1.92317223776e-05	0	0.000823202136845	0.000883602786605	0.00018192886774	0.000316437773789	1.93283827845e-05	0.000321840396182	3.37895579414e-05	0.000835028513027	0.000234923662609	0.000552815571155	0.00095887397935	0.000225721850279	0.000510741623998	7.90883249655e-05	1.52686732788e-05	0.000420991928649	2.70291521586e-05
Tsukamurellaceae	0	0	0.00168343266887	0	0	0	0	0	0	0	0	0	0	0	0	0	0	0	0	0	0	0	0	0	0
Unclassified	0.0005766662606751	1.40047354917911	0.281793479974057	3.72321888666458	1.54296562115833	1.14896538477581	0.0162685298890227	0.660735667117611	0.0190787629588842	0.117428424557379	0.109846643384841	0.491856327140813	0.775380943027148	0.49673883101197	0.858160205786768	0.0385644163533335	0.103157589354212	0.144546132804966	1.01367101225234	0.0994393394117864	0.0914498668435381	0.670957686247356	6.4966985411317	0.149212880827566	0.037933493171536
Unikaryonidae	0	0	0	0	0	0.000487342333904	0	0	0	0	0	0	0	0	0	0	0	0	0	0	0	0	0	0	0
Ustilaginaceae	0	0.00201761916826	0.001985087569465	0	0	0.000265538827411	9.07351896466e-05	0.0003977888065368	0.00249676997515	0.00260552151937	0.000587820493779	0.000319918319465	0.000478753973575	0.00113883128134	5.97821249644e-05	0.004838999642528	0.0008106402279084	0.000195613624862	0.00290826232639	0	0.000510771681296	0.000209890351385	0.000243126696722	0.000744839341526	0.00124335346516
Vaucheriaceae	0	0	0	0	0	0	0	0	0	0	0.204664081788	0	0	0	0	0	0	0	0	0	0	0	0	0	0
Veillonellaceae	6.18722173692e-05	0.0019277710696	0.10111143878156	0.49818188246705	0.0671227682344314	0.23052563012243	0.00195062835336	0.04299906823321	0.826605013933	0	0.06319142062138	0.0110041847647	0.18081314248364	0.1961327602613	6.2525488764498	0.17018272765244	0.0219263778502	0.05309625001255	0.10797411811199	0.7843295822753	0.03717990666688	15.7444711701773	6.51585803199297	0.087348263333	0.0378313501506
Vibrionaceae	0	0	0.0116788997251	0.018445129895242	0.01951946136516	0.01027062311965	0.001069506013575	0	0	0	0	0	0.00322757299121	0	0	0	0	0	0.00155863083907	0	0	0	0.000531929144097	0.0287537296691	0
Xanthobacteraceae	0	0	0	0	0	0	0	0	0	0	0.01094041344873	0.00778501925388	0.000263162648263	0	0.000194857063212	0.00328660828735	0.001972172334834	0.00467537222846	0.0242457473876	0.000909055151756	0.001929545841677	0	0	0	0
Xanthomonadaceae	0.0002480916502171	0.019846243865718	0.01394448409039	0.002258473088586	0.0010955193715661	0.018160475574533	0.0012823310564295	0.008645225747261	0.04420406750346	0.03168731074668	0.0461259071441	0.019926068314456	0.005511591038497	0.03051373981699	0.137608386675279	0.02963962803133	0.014798904081397	0.093526960172951	0.02263931228866	0.07233727707921	0.01733141514975	0.017157279779303	0.0022376529479714	0.036490676322526	0.01827108394021
