order	SRR317085	SRR317086	SRR317087	SRR317088	SRR317089	SRR317090	SRR317091	SRR317092	SRR317093	SRR317094	SRR317095	SRR317096	SRR317097	SRR317098	SRR317099	SRR317100	SRR317101	SRR317102	SRR317103	SRR317104	SRR317105	SRR317106	SRR317107	SRR317108	SRR317109
Acholeplasmatales	0	0	0	0	0.000984105840399	0	0	0	0	0	0	0	0	0	0	0	0	0	0	0	0	0	0	0	0
Acidithiobacillales	0	0	0	0	0	0	0	0	0	0	0	0	0.000390944892464	0	0	0	0	0	0	0	0	0.000399919344566	0	0	0
Acidobacteriales	0	0	0.00137015545996	0.0003865509986	0	0	0	0	0	0	0	0.000575599701381	0.000201035766246	0	0	0	0	0	0	0	0.000602029568208	0	0.000120003277595	0	0.001350452918579
Acidothermales	0	0	0	0	0	0.000498107965668	0	0	0	0	0	0	0	0	0	0	0	0	0	0	0	0	0	0	0
Actinomycetales	0	0	0	0.00668951131639	0	0	0	0	0	0	0	0	0	0	0	0	0	0	0	0	0	0	0.15275526259	0	0
Aeromonadales	0	0	0	0	0	0.00315568976792	0.0008013820598519	0.003733227863321	0	0	0	0.000844875788054	0.001161002566409	0.01109388233219	0.000872321624344	0.00260107358645	0.001254472955	0.00103319632171	0.00256015392615	0.00243509509988	0.01232729296531	0.000369534482694	0	0.00136250263048	0.002517821832748
Agaricales	0	0.000760254672894	0.000116239377882	9.83659950215e-05	2.64919756282e-05	0.0001461939658602	1.92317223776e-05	0	0.000823202136845	0.000883602786605	0.00018192886774	0.0003974712274343	5.39756979314e-05	0.000321840396182	3.37895579414e-05	0.000835028513027	0.0002950829650091	0.000552815571155	0.00095887397935	0.000225721850279	0.000510741623998	0.0001145309968909	1.52686732788e-05	0.000420991928649	2.70291521586e-05
Alteromonadales	0	0.000882182353241	0	0.00161248529285	0.000594552016581	0.01491415804762	0.0002658291498002	0.001095195124564	0	0.0021650370623	0	0.00109254529543	0.001247060057273	0.00388919509456	0.001815625576993	0.00194101885474	0	0.000698933887746	0.00169240044794	0.00094108621456	0.0021112746492	0.000315650842031	0.0008528154819637	0.003533589460996	0.000337266216924
Aquificales	0	0	0	0	0.000484885516033	0.001142375129703	0	0.0018419331533	0	0	0	0	0	0	0.000667990395723	0	0	0	0	0	0	0	0	0	0
Archaeoglobales	0	0	0	0	0	0	0	0	0	0	0	0	0	0	0	0	0	0	0	0	0	0	0	0	0.000805023323481
Bacillales	0.0052360760699375	0.07032999899388	0.11102519258091	0.712374300543774	0.165820956944422	0.234553197174837	0.0208433847095749	4.95834733836596	0.09632520794304	0.23806180518643	0.17607569264302	0.207107052730478	0.237809568967599	0.21949597170074	0.387233128065916	0.11018332941251	0.077890607912582	0.198970924906133	0.37696518195896	0.14151626754951	0.211482815897842	0.507035120730907	2.77062272781315	0.139836288528244	0.066950646232989
Bacteroidales	4.16378192617e-05	26.4469488955741	4.15247528629197	22.0836334898617	14.254348605173	11.6631040061403	0.129023396444948	2.14553543694418	3.25019890996829	1.35753325861369	0.65604998434549	0.896394258821922	7.89903584321876	14.3102452946442	6.00790984641871	2.10031848736535	0.743541949625458	0.437385141188883	17.6571440876467	2.12377369887294	0.448625722749299	38.177839444401	36.5125515159893	0.997587982373123	0.86848536241264
Bacteroidetes Order II. Incertae sedis	0	0	0	0.000478516857925	0	0	0	0	0	0	0	0	0	0	0	0	0	0	0	0	0	0	0.000438737564625	0	0
Bangiales	0	0	0.198646429574	0	0.0010779349245	0	0	0	0	0	0	0.0643778577684	0	0	0	0	0	0	0	0	0	0	0.00217444057143	0	0.00769854511807
Bicosoecida	0	0	0	0.221798500898	0.597348756436	1.01525249852	0	0.735305506179	0	0	0	0	0	0	0	0	0.0504488279722	0	0	0.113103151147	0	0	0.0918086605902	0	0
Bifidobacteriales	0	3.22958063724586	0.0162005148227	0.64652099385794	0.032578713906053	0.245943972334869	0.000823648385056	4.86765341229387	0.07128353933183	0.0234557223184	0.009218074771	0.0049760905947	0.000620841088242	1.44910446456936	0.002094939675261	0	0.08786034475236	0.00639929224623	0	2.5886387039769	0.00171447876664	0	0.265314103689707	0	0.00464331796221
Blastocladiales	0	0.000287844697199	0.000132030317163	0.000139661078688	6.87791301652e-05	0.000106546601614	5.82515254612e-05	0.000105829451756	0.00040072837326	0.00167273142555	0.0011365399231	0.000102692958511	4.39082272427e-05	0.00036556191506	0.000115139451013	0.000316155280664	0.000343077014541	0.000188374412843	0.000466772366965	0.000170923875805	0.00127627518001	2.24580878257e-05	6.07001460556e-05	0.0010520026649	9.21030617297e-05
Bryopsidales	0	0	0	0	0.00160030434298	0	0	0	0	0	0	0	0	0	0.00714395633526	0	0	0	0	0	0	0	0.00322817881757	0	0
Burkholderiales	0.0004771253807976	0.176179905798634	0.445642693217561	0.248511760238708	1.55229721459398	0.369050087133816	0.082629283588446	1.26402124718241	0.403355537425796	0.449735523360186	0.242802837777688	0.176817306533617	0.129023344143999	0.26428691270183	0.150151004137244	0.30960660738541	0.264266106703626	0.140535169187371	0.240574027543756	0.322726324566437	0.218266065044502	0.110344285728999	0.0715303515362996	0.155015268213237	0.071045967853789
Campylobacterales	0	0.02430450077562	0.02156951435169	0.0174197284385	0.0080953587315581	0.008398247196299	0.001054456105189	0.004373713690966	0.0219159697836	0.0105011917603	0.02402237430624	0.01411301834875	0.008848325239075	0.0229495046943	0.181491464268562	0.0393140385268	0.01064485495413	0.15920831817582	2.74242421650081	0.0107303800767	0.0182097515361	0.02387688444679	0.019760884790687	0.00750492818598	0.00472180252692
Caudovirales	5.15567332716491	17.3746833579769	40.550975764529	15.3441791289927	1.6177078648918	5.856626681348	83.1715391389073	59.6844395537536	40.956006839201	8.765136928696	33.664387090069	38.579253649171	59.749648920133	44.8215019914657	40.4331230027774	46.94054876349	77.6546694832303	79.388492420901	8.011419990521	72.746900549491	76.0584129287855	2.727059483179	3.48604265344582	80.3276486185435	83.152022381473
Caulobacterales	0	0.01004931361256	0.00713801368535	0.002733038974807	0.0001240059184807	0.002511619733643	0.000185002460493	0.000324595268557	0	0.00205221022047	0.00126761579106	0.00372146683515	0.005055310588502	0	0.000235433649158	0.00456011884618	0.00605815336132	0.00893210531776	0.00257949591733	0.002171365459049	0.00486914611087	0.000570601572793	0.0002203189659453	0.023705892503085	0.00037665908133
Cellvibrionales	0	0	0	0	4.8548015828e-05	0	9.08762219805e-05	0	0.00177011808412	0	0	0	0	0	0	0	0	0.00100292083037	0	0	0	0	9.79324195544e-05	0	0
Chattonellales	0	0	0	0	0	0	0	0	0	0	0	0	0	0	0	0	0	0	0	0	0	0	0.0110626339632	0	0
Chlamydiales	0	0	0	0	0	0	0	0	0	0	0.00224531886218	0	0	0	0.0080467648685	0	0	0	0	0.00398179259125	0	0	0.000565326006907	0	0
Chlorellales	0	0	0.0500708021826	0	0	0.00808128606713	0	0	0	0	0	0	0	0	0.00727752635272	0	0	0	0	0	0	0	0.0690592525468	0	0
Chlorobiales	0	0	0	0.000618458222146	0	0.00091230559592	0	0	0	0.00404014942691	0	0	0.000486094701782	0	0	0	0	0	0	0	0	0	0.001088240846149	0	0
Chloroflexales	0	0	0	0	0	0	0	0	0	0	0	0	0	0	0	0	0	0	0	0	0	0	8.65403562424e-05	0	0
Choanoflagellida	0	0.0006176977423103	0.001359563913467	0.000325949163088	4.132777208393e-05	0.00017563347108	0.0001174642537627	0.000490505166554	0.001329842998884	0.002811875548189	0.000922191778815	0.000846405257681	0.000203566409513	0.000941561413386	4.60978410868e-05	0.002062356767796	0.000392532007068	0.001164119832588	0.001281576042325	0.000645536921105	0.001353624638419	0.0002235858465949	6.54998108885e-05	0.00096846673899	0.000253040769385
Chromatiales	0	0.00230663159335	0	0	0.004343934845722	0.000351314119632	0	0.0013085605305	0.00220219030188	0	0.00340681078395	0.000846518935501	0	0	0	0	0.001221881549927	0	0	0.00140896025877	0	0	0.000281249652723	0.000788351986298	0
Chroococcales	0	0	0	0.000717076517734	0.0001345078515429	0.000469242035482	0	0.000256982339929	0	0	0.00101005425732	0	0.001445540669579	0	0	0	0	0.001157111187353	0	0	0.000991382479868	0.000453058973975	0.001209026168222	0.001428663301589	0
Chrysiogenales	0	0	0	0	0	0	0	0	0	0	0	0	0	0	0	0	0	0	0	0	0	0.000438045406551	0	0	0
Clostridiales	0.0015847025559015	9.40747676110467	4.35916095618643	48.0832210266593	72.9381254290093	60.3797680442692	0.458980216364987	5.68534174283289	1.82486152144915	1.4404193714467	0.73075087781595	2.0592316618648	13.8248983340512	2.51660211054372	3.25173267414295	1.96444150070837	1.73214416146425	1.06759952808264	17.2129778396733	1.26084631225846	0.163236030057768	16.1842880238898	19.1349227577567	2.25997897997406	0.502572169238486
Coriobacteriales	0	0	0.126725599979	0.33653798334432	0.292821084271652	0.38621802624136	0.006734949502247	0.02713124354023	0.00312705609159	0.00391591312937	0.00382272370175	0.0841425254736	0.664254991016169	0.00508802158595	0.208114240734999	0.00370064373622	0.0742683281589	0.00937568338249	0	0.05043066661711	0.03688687405733	0.0515235388306	0.482596382400677	0.08165803206672	0
Corynebacteriales	0.0004950940180434	0.04985813001216	0.03826588804988	0.014861126986321	0.0025562642958001	0.0151210563867	0.0083452770847557	0.106318031316864	0.17936736379175	0.03570229104505	0.056726149864174	0.02450507194434	0.008607427912209	0.06223956384602	0.0263269474938	0.01367828128235	0.034131867741967	0.055885580823378	0.03981266492187	0.04279801508426	0.050112724332787	0.018643246585405	0.0038244932406631	0.008362099055708	0.004979404701363
Cryptomonadales	0	0	0.0119244396239	0.0205287592596	0.0695051030128	0	0	0	0	0	0	0	0.0322703159338	0	0	0	0	0.00567106949597	0	0	0	0	0.0828499713244	0	0
Ctenocladales	0	0	0	0	0.0151034551825	0.00623918648371	0	0	0	0	0.0302517414017	0	0	0	0	0	0	0	0	0	0	0	0.403689254209	0	0.0089889958814
Cyanidiales	0	0	0	0.19356236214032	0.357118465544	0.227131961419	0	0.132707746376	0	0	0	0	0.013764981742	0	0	0	0	0	0	0.107167343228	0	0.00704048394329	0.03562463959025	0	0.00962459689755
Cytophagales	0	0	0	0.000187891309318	0	0.000143341156096	0.000253632754083	0	0	0	0.00290741103458	0	0.000899837733136	0	0	0.0012958320977	0	0	0	0.001777298514225	0.001206449878502	0	0.0028243037761265	0	0
Deferribacterales	0	0	0	0	0	0	0	0	0	0	0	0	0	0	0.000340181217445	0	0	0	0	0	0	0	0	0	0
Deinococcales	0	0.00142380158203	0	0.00442218129077	0	0	0	0.002526550813682	0	0	0	0	0	0	0	0	0	0	0	0	0	0.000395058510147	0	0.0007084448636	0
Desulfarculales	0	0	0	0.000872839704769	0	0	0	0	0	0	0	0	0	0	0	0	0	0	0.00729296699562	0	0	0	0.000270969744657	0	0
Desulfobacterales	0	0	0	0	0.0008885400931806	0.000925782355384	6.38172479974e-05	0.000231882146078	0	0	0	0	0.000963978747874	0	0	0	0	0	0.00136365540828	0	0	0	0.0031167156339645	0	0
Desulfovibrionales	0	0	0.0617656431954	0.552846392455721	0.0750072815154	0.0816497635127	0.00558924447608	0	0	0	0	0.22869835849459	0.14601266494323	0	0.07598187693149	0.0188535595499	0.00862240451789	0.0171096607028	0.139177188474	0	0.000623363052841	0	1.11511975213683	0.0160906781558	0.01304582424065
Desulfurellales	0	0	0	0	0.000144906012664	0	0	0	0	0	0	0	0	0	0	0	0	0	0	0	0	0	0	0	0
Desulfuromonadales	0	0.000890606299658	0	0.000310615365924	0.000919773515605	0.001301015364099	0	0.000406861122015	0	0	0	0.000570989626916	0.000327551889941	0	0	0	0	0	0.00173022041324	0	0	0	0.000429879460977	0	0
Dictyosteliida	0	0	0	4.69057672675e-05	0	3.57841293038e-05	0	0	0.000224310547485	0	0	0	0	0	0	0	0.000192039790781	0	0	0	0	0	0	8.0299902105e-05	0
Ectocarpales	0	0	0	0	0	0	0	0	0	0	0	0	0	0	0	0	0	0	0	0	0	0	0.0283119452278	0	0
Eggerthellales	0	0	0.0452711660502	0.0588581489686	0.114423910827448	0.801898078497684	0.00236528912116	0.000416047549842	0	0	0	0.0491416001073	0.113581661994	0	0.15126407219111	0	0.0309545422242	0.0118489077081	0.0073400928149	0.0031254372822	0	0.010619620983945	0.095817303397843	0.0233105363751	0.0154489584383
Elusimicrobiales	0	0	0	0	0	0.00074055419779	0	0	0	0	0	0	0	0	0	0	0	0	0	0	0	0	0	0	0
Enterobacteriales	0.0408093856299883	5.97757760924591	12.5749782444807	0.493295972501929	2.64881120500864	2.75905546406703	0.0406381501315655	6.82468075119902	9.38132551005376	0.18486421369942	0.37249996310217	0.309023973338252	1.54334874299551	5.51891733607218	0.831828225692371	16.7210505833077	8.63235741481808	6.11287092825227	3.865447852042	4.36015153283519	5.36522867341935	1.07078758632838	4.35892358862621	5.49537002577363	3.24423619564629
Entomoplasmatales	0	0	0	0	0.00123815262795	0	0	0	0	0	0	0	0	0	0	0	0	0	0	0	0	0	0	0	0
Erysipelotrichales	0.0001743603639819	0.00235524834212	0.16665780907855	0.21385770980339	0.5244029173997	0.58337645191079	0.000953269663147	0.02926810158899	0.0196734179079	0.0383232843076	0.00507249624981	0.08709826045261	0.0582021987165	0	0.006787348302661	0	0.016410513707875	0.01579625225859	0	0.00139856033144	0.00284807463987	0.0143332888235	0.2668883652526	0.0070427964703	0.00150724043593
Eucoccidiorida	0	0	0	0	2.69747698542e-05	0.000133718239257	0	0	0	0.00104965666472	0	0	0	0	0	0.000991953915511	0.000239204951005	0	0	0	0.000364034625766	0.000140926876861	0	0.000300064909526	0
Euglyphida	0	0	0	0	0.005527772848	0	0.00244261051427	0	0	0	0	0	0	0	0.00536449153382	0	0	0	0	0	0	0	0.00193926582121	0	0
Eurotiales	4.084680302784e-05	0.073222147598218	0.063256672168083	0.0241642549250042	0.0720636633145968	0.0587661576991263	0.00167272526948454	0.0835272234720503	0.035333169390238	0.013005559566704	0.008345099643654	0.0103704424109189	0.0092250829699032	0.017734345179825	0.0084871074633108	0.095779223965123	0.0078162733738544	0.005346038804302	0.015291464709296	0.008653886563585	0.105547064624094	0.0044130142685492	0.040649548949133	0.005835086460845	0.002992775513163
Flavobacteriales	0.0001862026073409	0.003393560505711	0.00540173601301	0.080456039531173	0.0005297484975799	0.007379252607458	0.003691040183821	0.00113319436294	0.00216708894956	0.00794120684815	0.028937387030113	0.00439843842211	0.00512866090921	0	0.089339900614866	0	0.001190409724759	0.00489410473145	0	0.00186818178874	0.00792050453666	0.036630828377847	0.0204753094097918	0.001528322241129	0.001179224400538
Frankiales	0	0.000457611049232	0	0	0	0	0	0	0	0	0	0	0	0	0	0	0.00123489964556	0	0	0	0	0	0	0.000912249584517	0
Fusobacteriales	94.7286758422838	2.90773161511534	0.32405608141376	0.509000264020906	0.30586519857894	0.121106857276454	0.00167399809159	0.170647291440832	0.40260501738503	0.0256373185486	0.1011681915754	0.02048447003621	0.000400335366031	1.97512916006514	2.63361951473769	0.4191014861754	0.118617351928508	0.75690893907458	7.6348223410941	2.9895178618279	0.15700278875161	8.07604691344286	18.2476293767708	0.0944982064198	0.0415646201078
Gallionellales	0	0.00136842623252	0	0	0.123532869957833	0	0	0.0783677166481	0	0	0	0	0	0	0	0	0	0	0	0	0	0	0	0	0
Gemmatimonadales	0	0	0	0	0	0.00026248785594	0	0	0	0	0	0	0	0	0	0	0	0	0	0	0	0	0.000213629542003	0	0
Geodermatophilales	0	0	0	0	0	0	0	0	0	0	0	0	0	0.0018724884419	0	0	0.00039051463146	0.001317106189408	0	0.002668148765726	0	0	0	0.0073496957029	0
Gracilariales	0	0	0	0.0173527034405	0.117503588496	0.11914446301	0	0	0	0	0.128375977429	0	0.0818330833223	0	0	0	0	0	0	0	0	0	0.035016022261	0	0
Haemosporida	0	0	0	0	0	5.18637834517e-05	0	0	0	0	0	0	5.54193083986e-05	0	4.67054436245e-05	0	0	0	0	0	0	0	0	0	7.74993405259e-05
Halanaerobiales	0	0	0	0	0	0	0	0	0	0	0	0.0123457603332	0	0	0	0	0.000844529738212	0	0.00384843376049	0	0	0	0	0	0
Halobacteriales	0	0	0	0	0	0	0	0	0	0	0	0.00146577353364	0	0	0	0	0	0	0	0	0	0	0	0	0
Helotiales	6.31161984976e-06	4.90368295263e-05	0	1.90339765122e-05	2.92927967207e-06	4.35627205153e-05	0	1.80289608776e-05	0	0.00239369962717	0	3.49892643434e-05	0.000164563203878	0.000124553257257	1.30766664247e-05	0.000215439127454	0.0001348100440551	9.32556789731e-05	0.000106024937332	0	7.9063453364e-05	0	0	0.000456190604161	0.000188286621814
Herpesvirales	0	0	0	0	0	0	0	0.04152049151193	0	0.121687250699	0	0	0	0	0.278571643938	0	0.0143093234564	0.0152264361356	0	0.0320806179005	0	0.00843029484231	0.00210275805066	0	0.2362967185286
Herpetosiphonales	0	0	0	0	0	0	0	0	0	0	0	0	0	0	0	0	0	0	0	0	0	0	0	0.00402522467631	0
Hydrogenophilales	0	0	0.0103667474107	0.000548294951104	0.222006864728	0.0288620747793	0	0.0207737741328	0	0	0	0	0	0	0.00188343990372	0	0.0142171181554	0.00123256410506	0	0	0	0	0	0	0.00180793547501
Hypocreales	2.598429927435e-05	0.000200688537347	0.000631894319434	0	7.99226293854e-06	5.31068943994e-05	2.03068070331e-05	0.0003529059154144	0.00052939015521	0.000392879366246	0.0004342131739387	0.0002034968505089	5.79578842179e-05	0.003273137708881	3.56784493546e-05	0.001685158555468	0.0001006342300507	0.0003191459844768	0.001901770355036	0	0.0003516579801957	4.17547456779e-05	0	0.000177810425707	2.85401258597e-05
Ichthyophonida	0	0.000101378742677	0.000248005357138	5.24677914018e-05	4.03732858169e-06	4.00273642492e-05	1.36774366356e-05	3.72730742014e-05	0.000376363495373	0.000235654032064	9.70396922274e-05	0	0.000103096355184	0.000343335209853	1.80231336778e-05	0	3.58019360607e-05	5.89736566273e-05	7.30653194271e-05	8.02657256551e-05	0.000217941047471	1.0546301432e-05	2.0360531208e-05	0.000112277198484	2.88343531099e-05
Ignavibacteriales	0	0	0	0	0	0	0	0	0	0	0	0	0.000342710330649	0	0	0	0	0	0	0	0	0	0.001486002444109	0	0
Isochrysidales	0	0	0	0	0	0	0	0	0	0	0	0	0	0	0.0326406717161	0	0	0	0	0	0	0	0	0	0
Kineosporiales	0	0	0	0	0	0.000245557248579	0	0	0	0	0	0.000591689456972	0	0	0	0	0	0	0.00537883594635	0	0.000668505221032	0	0	0.0088165221424	0
Lactobacillales	0.0026289279707587	3.3634956529065	1.62165314610157	1.75839266523334	0.526248118576786	3.82919844689464	0.022984964974302	1.07556218236999	1.21988955725459	0.19775045368612	1.49378406199104	0.18583658619228	1.75534733698473	1.56525274957639	1.897626715267	0.24888032752608	0.146862423468686	0.23076727802149	4.49758795003432	0.98173479373936	0.09297761778844	2.17611887308231	2.55539708443588	0.19187893125279	0.127821119455608
Legionellales	0	0	0	0	0.00191286232394	0.00170160345037	0	0.000735823390544	0	0	0	0	0	0	0	0	0	0	0	0	0	0	0	0	0
Lentisphaerales	0	0	0	0.000264882268731	0	0	0	0	0	0	0	0	0	0	0	0	0	0	0	0	0	0	0	0	0
Magnaporthales	0	0	0.000190236280712	0	0	3.070359846e-05	9.50227002264e-06	3.45268220522e-05	0	0	0	6.70070844307e-05	0	0	0	0	0	9.04732803055e-05	0	0.000123138090996	0.000167174994782	6.47176071628e-05	1.13162295244e-05	0	0
Malasseziales	0.000360554182392	0.004011030833131	0.008988557029862	0.00206821426586	0.0009292386530466	0.002958566147933	0.001136709238816	0.004631042668702	0.00829707291196	0.0309639506386	0.01357949644382	0.00672729086909	0.000270928566336	0.04011491971443	0.01084227931184	0.01762212180579	0.004061532210286	0.014748735739288	0.02032109067429	0.005818205388146	0.010130514625263	0.004175705280856	0.000486905237807	0.00596014249316	0.00151548518575
Mamiellales	0	0	0.000357250163109	0	0	0	0	0	0.000361432838017	0	0	0	0	0.000494572218668	0	0.000427729509448	0	0.000169902365759	0	0	0	6.07675245446e-05	0	0	0
Methanobacteriales	0	0	0	0	0	0	0	0	0	0	0	0.00998727433738	0	0	0	0	0	0	0	0	0	0	0	0	0
Methanopyrales	0	0	0	0.00094133150313	0	0	0	0.000891628127832	0	0	0	0	0	0	0.000646710793909	0	0	0	0	0	0	0	0	0	0
Methanosarcinales	0	0	0	0	0	0	0	0	0	0	0	0.003727345277114	0	0	0	0	0	0	0	0	0	0	0	0	0
Methylococcales	3.99206894005e-05	0	0	0	0	0.000609262232029	8.23293600404e-05	0	0	0	0	0	0	0	0	0	0	0	0	0	0	0	0	0	0
Methylophilales	4.31130440747e-05	0	0	0	0.001424939647152	0.024604732414658	0	0.00813695024267	0	0.00696566289473	0	0	0	0.00351338765355	0.000358214472624	0.0063087718848	0	0	0	0	0	0	0.000371721518059	0	0
Micrococcales	0.0002580365860737	0.23954646563212	0.14170426922369	0.02211772402427	0.0036678342224516	0.070252898711462	0.003086681476327	0.121956677560302	0.20430282955132	0.09216648520409	0.55680995687985	0.178934739553589	0.033799293108762	0.2946662442415	0.231648211311601	0.30268049845615	0.186874716325957	0.09760718525839	0.41825824087086	0.44420229231046	0.212356113021814	0.314041071360985	0.064118303338659	0.166405751404405	0.066369554066463
Micromonosporales	0	0	0	0	0	0	0	0	0	0	0	0	0	0	0	0	0.000248171129455	0	0	0	0	0	0.0002547232362923	0.018935497776231	0
Mortierellales	0	9.80672359172e-05	0.000359856502828	0	2.34327025987e-05	0	1.98460007967e-05	0	0.000546104539032	0.00250752108794	0	0	5.98372458706e-05	0.000249090199787	2.61516199898e-05	0.000215425017706	5.1948714552e-05	0	0	0.000116465804064	0	6.12108576182e-05	1.18172762731e-05	6.5165818126e-05	0.000125516193576
Mucorales	0	0	0	4.36065439646e-05	2.546038876279e-05	6.65343431575e-05	1.13674642298e-05	4.13040687867e-05	0	0.000783418370402	0.000161301457232	0	0.000102821383362	0.000285349573959	2.99584392674e-05	0.00222105459658	0	9.80272766117e-05	0.000728704444102	0	0.000362266282393	0	2.70749692501e-05	0.000149303653494	0.0001240276698187
Mycoplasmatales	0	0	0	0.01154619185815	0.001814189040261	0	0	0	0	0	0	0	0.001282808475	0	0	0	0	0	0	0	0	0.00211728797156	0.002361363607925	0	0
Myxococcales	0	0	0.000748100263399	0.000602752900268	0	0	0	0	0.000743571645123	0.00093115117941	0	0	0	0	0.000839478062608	0	0	0	0	0.000475736768359	0	0	9.78530734359e-05	0.000517486396817	0
Nakamurellales	0	0	0	0	0	0	0	0	0	0	0	0.000483938341657	0	0	0	0	0.000359276221475	0	0	0	0	0	0	0.000450685432884	0
Natranaerobiales	0	0	0	0	0	0	0	0	0	0	0	0	0	0	0.00103033641093	0	0	0	0	0	0	0	0.00186233510994	0	0
Natrialbales	0	0	0.00193917046996	0	0	0	0	0	0	0	0	0	0	0	0	0	0	0	0	0	0	0	0	0	0
Nautiliales	0	0	0	0.00095167723072	0	0.002183684068567	0	0	0	0	0	0	0	0	0	0	0	0	0	0	0	0	0.00413622373859	0	0
Naviculales	0	0.00391364078274	0.00430831685699	0.00328126917062	0.000467572985424	0.0076024952312	0.00232850599954	0.0010360048073	0.0127856916297	0.00582222398837	0.00651827560111	0.000558500266903	0.000191037492656	0	0	0	0.000829262111775	0	0	0.000371830869967	0.00719348279015	4.88557277016e-05	0	0.000312074385791	6.67875516871e-05
Neisseriales	0.0003605059938329	0.02312856427223	0.05459573490727	0.212439740105949	0.292500340747092	0.321975921918001	0.002828666366466	0.113059234702266	0.04824715790807	0.13269484972558	0.42947245263827	0.024037229392564	0.00640942540272	0.09669941100619	0.030402412664479	0.01448251749002	0.025676507732111	0.05057432322104	0.06707080200406	0.06503550882501	0.05398020700394	0.008820627481613	0.072594039274237	0.02949021704104	0.01324408305028
Nitrosomonadales	0	0	0	0.01467696356244	0.0805805705109413	0.016447379092	0.001194445246585	0.097233778097968	0	0.00343455051471	0	0.00210855220464	0	0	0	0	0.00860964986677	0	0.00319468156239	0.0140380380653	0	0	0.005084799420831	0	0
Nitrospirales	0	0	0	0.00073912573994	0	0.000281937303135	0	0	0	0	0	0	0	0	0.000547004908448	0	0	0	0	0	0	0	0.002559485035251	0	0
Nostocales	0	0	0	0	0	0	0	0.000569651504621	0	0	0	0.00497491743776	0	0	0	0	0.000240343863647	0	0.000980997292431	0	0	0	0	0	0
Oceanospirillales	0	0.000834029154904	0.00198987969635	0.000340590511694	0.0002129666290912	0.000299694171129	0	0.00432073081432	0	0	0	0	0.000647982215577	0	0.001567877815336	0.01301085263393	0	0	0.00180329539524	0	0	0.000260288970994	0.000713718591092	0.000738855116496	0
Onygenales	0	0.021406496081386	0.005454854757117	0.0047579154385105	0.0012289766987519	0.0046454133224273	0.00026290977415684	0.0022313632487056	0.011811639404539	0.005716284189954	0.004722775524407	0.004343725805227	0.0018582009784911	0.003326336057556	0.0047941314251243	0.010907185525636	0.0007067354423647	0.0022177696138651	0.013563903726162	0.01444946098774	0.0011689874523	0.000612982253637	0.0040897806722317	0.0009547615032444	0.0003962209452549
Oscillatoriales	0	0	0.00161100937985	0	0	0	0	0	0	0.00477452039875	0	0	0	0	0	0	0.000362686503896	0	0	0	0	0	7.03794633929e-05	0	0
Pasteurellales	0.0001408622437181	0.00382496254408	0.0264335866971	0.55980255515354	0.324438261273546	0.22408416406136	0.000199293998854	0.061682202394056	0.33903558100501	0.0228914406734	0.10288630775701	0.01410951728813	0.308588864319652	0.0350191736356	0.01772406979704	0.00432660601715	0.01221738398958	0.0399383403707	0.0044752234039	0.0233910459436	0.03918757831641	0.084717801701668	0.072395660257446	0.0492585590032	0.00336116404775
Pelagibacterales	0	0.0287940823029	0	0.00993477109691	0	0	0.00485591488143	0	0	0.0148736891978	0	0.0205454505717	0.0165930919325	0.024378932972	0.00682535714786	0	0.0101686395621	0	0	0	0.020633557859	0.0169739996042	0.00539737039015	0	0.00136494547522
Pelagomonadales	0	0	0	0.11837316986	0.049447022722	0.0516035333105	0	0.0160175616708	0	0	0	0.248685524691	0	0	0.32529754461	0	0	0	0	0	0	0.0135963590772	0.283488408425	0	0
Peronosporales	0	0.000136157034824	0.000388837152131	0.000349996706962	4.174151939711e-05	0.0001367236158574	0.00035087926056955	0.00041179908828799	0.0009219640484732	0.001752671837653	0.000177084092271	0.0007088440807113	0.000281466029534	0.0007398177332194	0.0001911352805406	0.0004260409937425	0.0003602621212508	3.13859378851e-05	0.000718524668049	8.08508488663e-05	0.0006590115792361	0.0007972092248246	0.0003395119254285	0.0001111482250212	0.00045979504081546
Petrotogales	0	0	0	0	0	0	0	0	0	0	0	0	0	0	0	0	0	0	0	0	0	0	0.000220642280959	0	0
Planctomycetales	0	0.00066335533508	0	0	0.0002459639454369	0.00278984120189	0	0.000164944237014	0.00916035100482	0	0	0	0	0	0	0	0	0.000597097348216	0	0.002886349141656	0	0.000140011390014	6.93150905961e-05	0	0
Pleosporales	0	0.000992142708536	0	4.27896546635e-05	6.58521699344e-06	0	4.44544703763e-05	0	0	0	0.000316559535527	7.86582108697e-05	0	0.000275897545551	5.87944447765e-05	0.000968643190127	0.000233583680867	0	0.000238351163839	0	8.88699705966e-05	0	1.3283884469e-05	7.32533605301e-05	0
Pleurocapsales	0	0	0	0	0	0	0	0	0	0	0.000882222483655	0	0	0	0	0	0	0	0	0	0	0	0	0	0
Polyporales	0	0	0	0	0	0	0	0	0.000217061497175	0	0	0	0	0	0	0	0	0	0	0	0	0	0	0	0
Prochlorales	0	0	0	0	0.000203688120476	0.000695083456169	0	0	0	0	0	0	0	0	0.000648972225302	0	0	0	0	0	0	0	0.000268759301406	0	0
Propionibacteriales	0.013699766015402	0.56358650135553	1.06422905018063	0.061846563137009	0.039854618581109	0.258571179227043	0.067277094441635	0.441395158285027	1.04490870202779	0.96731507430291	0.71693489535042	0.823150489678198	0.141153116980611	2.40450089872116	0.659735976238105	0.9648810161083	0.648322948468137	1.15291684260922	0.89656484941688	1.03274914629156	0.9298051386963	0.473214494966362	0.102988571983584	0.387090138654371	0.27532987160356
Pseudomonadales	0.0033539303904615	28.7794929958456	32.5730673341903	3.82281322052104	1.74957070769956	8.78120782973237	8.8611159959882	10.3224314236955	37.3919757075146	74.0041584643614	40.2198179577653	26.5261873823466	12.3331192403361	23.509488989872	8.86552574272748	28.4937026222561	8.85637290944036	9.54070637835703	34.9528665528277	9.15997085170848	14.5333368052436	12.7458915714703	1.31926270383327	8.53513651591973	6.82866317204
Pseudonocardiales	0	0	0.00183647699638	0	0	0.00196293041591	4.06284304934e-05	0	0	0	0	0	0	0	0.000254410698057	0	0	0.00174679716662	0	0.00393620807163	0	0	0	0.003052116847108	0
Pucciniales	4.04698688392e-06	0.0003059648421896	0.01750811307731	0.0001604317041509	8.09210780769e-06	0.0001120170640134	0.0001793450393159	0.000351180073415	0.000130074116554	0.0004777721141012	0.000174317344145	0.000388228469944	0.0001339262834805	0.001162617974646	0.000652569874894	0.000897643790323	0.000922717122871	0.0026869803640288	0.00966764929539	0.002201974975684	0.000581664875085	0.000399368241727	0.0001626222659006	0.001661703481032	0.0001314904512181
Pyramimonadales	0	0	0	0	0	0	0	0.133858922893	0	0	0	0	0	0	0	0	0	0	0	0	0	0.113624908631	0	0	0
Pyrenomonadales	0	0	0	0	0.0133502120543	0	0	0	0	0	0	0	0.00186385023471	0	0	0	0	0	0	0	0	0	0	0	0
Rhizobiales	4.65956854199e-05	0.351667966031744	0.18125570776133	0.087595916598699	0.0165199576237557	0.035475145009091	0.0160689389434804	0.03829561927257	0.249330274268397	0.12182578187903	0.176142899666368	0.207701749442923	0.084065986460443	0.06739631098646	0.144916640533158	0.12815655301614	0.15355789291806	0.058403555968049	0.165698215594736	0.110575019464472	0.129740962708659	0.121625141959634	0.020388169220812	0.078818275356408	0.041333736049974
Rhizophydiales	0	0.000693063844489	0.000635797289945	0	5.17513532869e-05	0.000256539717599	3.50640697712e-05	0.00012740649282	0.00225134415385	0.00241653158916	0.000497550327521	0.000494522062212	0.000158581372561	0	9.2409774377e-05	0	0.000275350188217	0.000453562271734	0.000374626843686	0.000205772695542	0.000558723121747	0	0	0.000345406434809	7.39209982243e-05
Rhodobacterales	0	0.014687254191419	0.00389390102547	0.007652650122345	0.0017331719949664	0.006555240103484	0.000763917834093	0.002102269419523	0.00318949768111	0.00520190795716	0.00547583534088	0.004439542476324	0.001697837301862	0.0038895693744	0.001956672050702	0.00344872093435	0.000978157542615	0	0.00212674595822	0.00103614410451	0.001106693500137	0	0.002594267490505	0.006796519902019	0.000918626251886
Rhodocyclales	0	0	0	0.00721041622533	0.006399195698763	0.00753393109026	8.79795280471e-05	0.000319676614312	0.00341132040122	0.00208856387246	0	0.001261514065793	0	0	0	0	0	0	0	0.00621340837133	0.00151441079649	0.000280410531904	0	0	0.000370951494163
Rhodospirillales	0	0.008317800612773	0.01801701681266	0.002244229424263	0.0032397127867447	0.012316546553479	0.00347655679976	0.002179884244498	0.02223758546561	0.01378513390425	0.00372381710468	0.020139814134268	0.00577338632326	0.0136004563931	0.021088911945321	0.02958972351799	0.016205564109945	0.007859276059691	0.04063132083944	0.0296757737711	0.014999365566088	0.034441409675879	0.004294492016208	0.011502008095841	0.0049495697508
Rickettsiales	0	0.0700428322538	0.0371357525769	0.01607388270824	0.00320197076195	0.02122979491683	0.015485962517517	0.01550792280907	0.02588141805509	0.2357708264373	0.02550856385199	0.0588041501618	0.03502278109799	0.0748285752999	0.03267215990178	0.023549468276	0.01998513216369	0.05059717238025	0.038631653214	0.0169754827751	0.0345694360868	0.0278806048344	0.000817944850908	0	0.0076227595987
Rubrobacterales	0	0	0	0.00593512047455	0.000685049748259	0	0	0	0	0	0	0	0.000388739626193	0	0.00101938224241	0	0	0	0	0	0	0	0.0514374473807	0	0
Saccharomycetales	0.0008872982854516	0.088477637073779	0.089200084738274	0.011728886293111	0.0035394391413723	0.017718507682526	0.0126142657618371	0.026569612060995	0.102380413293606	0.157874405206235	0.097433771738851	0.07682103648125	0.034453286793947	0.134979686137787	0.0127471922806452	0.1395883108408	0.0387532723760862	0.055504284503831	0.185282442257947	0.037825317357494	0.092509439317774	0.018731415130775	0.0053340238789618	0.039102553727432	0.0266507686648245
Schizosaccharomycetales	0	0.000351946848868	0.000638379561015	0	0	0	0	0	0.00129170738209	0	0	0	0	0	9.38537745265e-05	0	0	0.000284842715469	0.00151325832425	0	0	0	0	0.000231206194922	0
Selenomonadales	6.18722173692e-05	0.00376355991737	0.15163447141166	0.58381067709665	0.0675485998796244	0.47755371282663	0.00195062835336	0.043674017360953	0.826605013933	0	0.06582724515539	0.0110041847647	0.19481483066514	0.1961327602613	6.295279392452	0.22831565369824	0.0219263778502	0.05309625001255	0.10797411811199	0.7843295822753	0.03717990666688	15.7472241514675	6.54225736919278	0.087348263333	0.0378313501506
Solirubrobacterales	0	0	0	0	0	0	0	0.000237632518791	0	0	0	0.000461179491875	0	0	0	0	0.000342380032744	0	0	0	0	0	7.78844957419e-05	0.000858980828928	0
Sordariales	3.30172186602e-06	0.201836295665	0.183491355789254	0.074041475422519	0.0695087887957	0.103513023588	0.0587785493693706	0.0981868359441	0.21043232582	0.380450726531	0.201025966064	0.166355828658977	0.0922108246577468	0.166445632003	0.0998564930829	0.215134179703	0.0782538249909	0.052788690030279	0.287152199655	0.095182732867083	0.0955448359379689	0.168391548436	0.0634816920486	0.0534032564870563	0.0434939137878
Sphaerobacterales	0	0.00102917489964	0	0	0	0	0	0	0	0	0	0	0	0	0	0	0	0	0	0.00122226022879	0	0	0	0	0
Sphingobacteriales	0	0	0	0.001160219151946	0.0003032187225145	0.00294400403625	0.00016097187449	0.0003260228548	0	0	0	0	0.00238313892525	0.00180373077724	0.00189175278508	0	0	0.00288009198078	0	0	0	0	0.002650400474364	0.00179545361486	0.00302965781857
Sphingomonadales	0	0.41971264968364	0.35032170922018	0.08250646858869	0.0013912093325585	0.014994514369138	0.005622666780242	0.011605424537485	0.12477382689191	0.10646173053136	0.21445281765868	0.148170589913103	0.10843693333647	0.04873951466742	0.031584751428039	0.03042803495867	0.061103702739736	0.023932625892547	0.1094780567982	0.05571765653256	0.02343069058634	0.021265414671709	0.005695085887565	0.12242831846079	0.012233712269864
Spirochaetales	0	0	0.0692193191439	0.00342811316656	0.002702385675293	0.004119751571396	8.93649215311e-05	0.000600969889083	0	0	0	0.00326165375756	0	0	2.05554082017669	0.0969483375681	0.00346350055707	0.00142628664156	0.00353419119722	0.00776495396921	0.01170730647851	0	0.00498848681728	0.00434470514484	0.0048815417777
Streptomycetales	0	0	0	0	0.00019568225727	0.00188187103968	3.48423145574e-05	0.00116825277266	0.0017855536172	0.01185975557411	0.00130350959312	0	0.00022581638826	0	0.000410772024037	0	0.001351690675744	0.000900826769735	0	0	0.000810239709282	0	0.000611927560227	0.003464906485005	0.000168878627811
Streptosporangiales	2.25573860598e-05	0	0	0.00109122846859	2.36783517844e-05	0	7.37542975331e-05	0	0	0	0	0	0	0	0.000937115706463	0	0.000629919625903	0	0	0	0	0	0	0.000263395851913	0
Synergistales	0	0	0	0.01137316373048	0	0	0	0	0	0	0	0	0	0	0	0	0	0	0	0	0	0	0.202829595781	0	0
Syntrophobacterales	0	0	0	0.00150545741205	0.00532877789377	0.000382834818491	0	0.000475322515456	0	0	0	0	0	0	0	0	0	0	0	0	0	0	0	0	0
Synurales	0	0	0	0	0	0	0	0	0	0	0	0	0	0	0.0321255041637	0	0	0	0	0	0	0	0	0	0
Thalassiosirales	0	0.000284387783695	0.000260889359046	0.000938289828354	0.000152894513293	8.4213611543e-05	8.63279177138e-05	0.000470513147796	0	0.000330528501973	0.00714566668221	0.00497152295894	0.000130142714662	0.00361171645123	0.000189594444551	0.00312358367016	0	0.000496298939852	0.00276699957073	0	0.000343894790263	0.000177506992762	0.000479769269323	0.00236220109808	0.000788640115248
Thermales	0	0	0	0	0.000108475545282	0	0	0.001270960023906	0.00570267665508	0	0	0.003538252737813	0	0.0135984309928	0.001945666884804	0	0.04329500078441	0	0.00754678555547	0.0021193824579	0.007714751976642	0.005421444971894	0.012190463194081	0.00236636320095	0
Thermoanaerobacterales	0	0.00614665445476	0.0029756308024	0.181191294612308	0.0506420122322683	0.057715558687166	0.000821179563468	0.00124434188882	0	0	0.00847389137925	0.0126334744689	0.051525584364885	0	0.012555646477915	0.00391531904714	0	0	0	0.00371382274113	0	0.000975935712862	0.023426467731269	0.00119043724562	0
Thermodesulfobacteriales	0	0	0	0	0	0	0	0	0	0	0	0	0	0	0	0	0	0	0	0.00298671536638	0	0	0	0	0
Thermotogales	0	0	0	0.000818615639662	0	0	0	0	0	0	0	0	0	0	0	0	0	0	0	0	0	0	0.00330376918615	0	0.000968924754266
Thiotrichales	0	0.00924234803384	0.0056524468651	0	0.0001821631514246	0.001071777989086	6.94038130441	0.004759743652389	1.42393776313	8.61498777245	19.1332938595761	27.6783212719269	0.00127394451501	0.039125848994	20.7844760532	0	0.0212155984583	0.00633185010899	0	0	0.186705399754037	0.00576881814059	0.0025986785282	0.212907186249	0
Tissierellales	0.0001362229620493	0	0.00399145201571	0.1244459877898	0.00519821135849	0.020740866332362	0	0.029704141359521	0	0	0	0.00441979313137	0.000663702041697	0.015764656382	0.000551702828031	0	0.00436414175058	0	0.00894635618412	0.09128886210171	0.00166783832356	0.001287481514917	0.14104194378294	0	0
Tremellales	0	0	0	0	0	4.24982605024e-05	0	0	0	0	0.00031225396387	0	0	0	0	0	0.000355485617192	0	0	0	0	0	0	0	0
Unclassified	0.044277499367451	0.004614614517186	0.001270750628729	0.541105685052445	0.526660298861747	0.576063653441658	0.0001228481405356	0.335839627300938	0.001551648082124	1.86428962915103	0.00965109174289	0.040138906438796	0.236134457757979	0.002741918663856	3.48247143621955	0.228283789810084	0.027752246054842	0.000878193041308	0.005123309339533	0.001817368448316	0.504188566448191	0.841015702605247	0.199635689956354	0.234771919098537	4.21030013782391
Ustilaginales	0	0.00201761916826	0.001985087569465	0	0	0.000265538827411	9.07351896466e-05	0.0003977888065368	0.00249676997515	0.00260552151937	0.000587820493779	0.000319918319465	0.000478753973575	0.00113883128134	5.97821249644e-05	0.004838999642528	0.0008106402279084	0.000195613624862	0.00290826232639	0	0.000510771681296	0.000209890351385	0.000243126696722	0.000744839341526	0.00124335346516
Vaucheriales	0	0	0	0	0	0	0	0	0	0	0.204664081788	0	0	0	0	0	0	0	0	0	0	0	0	0	0
Verrucomicrobiales	0	0	0	1.73370997953	0	0	0.0320032195055	0.0952968027236	0	0.218765354372	0	0.637399512704	0	0	0	0	0	0.0282710829562	0.143441504579	0.00549688289002	0.062189081179	0	0.382241027363	0	0
Vibrionales	0	0	0.0116788997251	0.018445129895242	0.01951946136516	0.01027062311965	0.001069506013575	0	0	0	0	0	0.00322757299121	0	0	0	0	0	0.00155863083907	0	0	0	0.000531929144097	0.0287537296691	0
Xanthomonadales	0.0002480916502171	0.019846243865718	0.01394448409039	0.002258473088586	0.0010955193715661	0.018160475574533	0.0012823310564295	0.008645225747261	0.04420406750346	0.03168731074668	0.0461259071441	0.019926068314456	0.005511591038497	0.03051373981699	0.137608386675279	0.02963962803133	0.014798904081397	0.093526960172951	0.02263931228866	0.07233727707921	0.01733141514975	0.017157279779303	0.0022376529479714	0.036490676322526	0.01827108394021
