SampleName	Total_Sequences_Passing_QC	Total_Human_Hits	Total_Seqs_Passing_Contaminant_Screen	Total_Metaphlan_Alignments	Total_Kraken_Hits	Total_HUMAnN_Hits	Unique_KEGG_Modules	Unique_KEGG_Pathways
CCIS00146684ST-4-0	64984020	63984020	1000000	17507	188064	292925	210	234
CCIS00281083ST-3-0	18139765	17139765	1000000	20040	105337	182837	199	213
CCIS02124300ST-4-0	78560969	77560969	1000000	21932	222934	348116	209	233
CCIS02379307ST-4-0	8837194	7837194	1000000	27039	246898	290431	208	230
CCIS02856720ST-4-0	62945939	61945939	1000000	25989	319667	330441	209	239
CCIS03473770ST-4-0	32422500	31422500	1000000	20856	214988	322320	209	233
CCIS03857607ST-4-0	55474043	54474043	1000000	12241	108087	305576	209	232
CCIS05314658ST-4-0	52321237	51321237	1000000	22285	249619	325306	208	234
CCIS06260551ST-3-0	23468557	22468557	1000000	13205	157734	292718	211	229
CCIS07277498ST-4-0	58325221	57325221	1000000	25636	259250	305174	205	223
CCIS07539127ST-4-0	58769703	57769703	1000000	19209	212890	311036	211	235
CCIS07648107ST-4-0	57048446	56048446	1000000	22956	245277	332639	210	230
CCIS08668806ST-3-0	12279213	11279213	1000000	27379	201823	259002	206	222
CCIS09568613ST-4-0	64525617	63525617	1000000	16358	247505	342013	208	237
CCIS10706551ST-3-0	44561455	43561455	1000000	18532	226702	287079	209	228
CCIS10793554ST-4-0	31104281	30104281	1000000	25410	255031	335512	208	232
CCIS11015875ST-4-0	48408222	47408222	1000000	16857	148734	371926	213	241
CCIS11019776ST-4-0	36557373	35557373	1000000	11906	123846	339904	208	228
CCIS11354283ST-4-0	52236182	51236182	1000000	24479	216136	315151	215	233
CCIS11362406ST-4-0	77483018	76483018	1000000	21580	226698	299577	208	227
CCIS11558985ST-4-0	30941928	29941928	1000000	24883	153069	301516	203	226
CCIS12370844ST-4-0	4616964	3616964	1000000	20967	146725	215071	213	256
CCIS12656533ST-4-0	36502812	35502812	1000000	22894	275012	320561	213	235
CCIS13047523ST-4-0	54472925	53472925	1000000	31786	390763	330854	206	224
CCIS14449628ST-4-0	38396347	37396347	1000000	27917	156806	353179	212	245
CCIS15704761ST-4-0	33763912	32763912	1000000	35242	161080	330263	210	229
CCIS15794887ST-4-0	31897068	30897068	1000000	15097	135925	256701	208	230
CCIS16326685ST-4-0	40083619	39083619	1000000	22478	180103	316532	210	234
CCIS16383318ST-4-0	66551645	65551645	1000000	19767	206000	323716	207	227
CCIS16561622ST-4-0	75111773	74111773	1000000	23901	187410	284486	207	239
CCIS17669415ST-4-0	49184562	48184562	1000000	13888	133188	255840	203	225
CCIS19142497ST-3-0	12010355	11010355	1000000	14041	113671	208219	202	212
CCIS20795251ST-4-0	46081718	45081718	1000000	24034	267927	316062	208	227
CCIS21126322ST-4-0	60082008	59082008	1000000	18100	207127	299627	206	225
CCIS21278152ST-4-0	37883477	36883477	1000000	17813	148962	314377	208	239
CCIS22275061ST-4-0	72981529	71981529	1000000	17881	214105	284561	205	224
CCIS22416007ST-4-0	76184608	75184608	1000000	26545	245712	286468	207	226
CCIS22906510ST-20-0	74096077	73096077	1000000	28486	206623	320027	209	231
CCIS22958137ST-20-0	84543167	83543167	1000000	19005	165129	300538	208	233
CCIS23164343ST-4-0	59845717	58845717	1000000	25211	287034	336917	208	234
CCIS24254057ST-4-0	108855658	107855658	1000000	28183	290211	342829	207	233
CCIS24898163ST-4-0	9581771	8581771	1000000	25002	270402	347712	213	246
CCIS25399172ST-4-0	23352493	22352493	1000000	12011	108211	325075	212	241
CCIS27304052ST-3-0	19489107	18489107	1000000	22129	192304	227721	208	218
CCIS27927933ST-4-0	77666888	76666888	1000000	29653	376739	347548	202	222
CCIS28384594ST-4-0	44525051	43525051	1000000	16247	137720	330855	209	237
CCIS29210128ST-4-0	36610618	35610618	1000000	32398	289451	327199	202	230
CCIS29688262ST-20-0	71688038	70688038	1000000	26012	236254	355197	206	234
CCIS31434951ST-20-0	25267891	24267891	1000000	21160	164046	320604	212	236
CCIS32105356ST-4-0	39477719	38477719	1000000	17442	132457	313028	210	229
CCIS32452666ST-4-0	40464474	39464474	1000000	23819	245348	344029	208	236
CCIS33816588ST-4-0	54060796	53060796	1000000	19650	173866	299606	212	241
CCIS34055159ST-4-0	37541373	36541373	1000000	22443	442306	467991	210	237
CCIS34604008ST-4-0	62615060	61615060	1000000	23801	293360	301244	207	221
CCIS35092938ST-4-0	33853452	32853452	1000000	20374	179822	310145	207	231
CCIS35100175ST-4-0	40005518	39005518	1000000	18012	134092	288114	212	231
CCIS36699628ST-4-0	57853707	56853707	1000000	19950	298556	354947	207	230
CCIS36797902ST-4-0	35462533	34462533	1000000	21116	231923	320259	212	234
CCIS37250421ST-4-0	38663871	37663871	1000000	24570	285138	366874	208	233
CCIS38765456ST-20-0	69223584	68223584	1000000	14226	124458	312317	210	234
CCIS40244499ST-3-0	38430881	37430881	1000000	22822	237834	264317	203	216
CCIS41222843ST-4-0	77526662	76526662	1000000	26778	254772	298400	207	229
CCIS41288781ST-4-0	37833091	36833091	1000000	23176	283051	385560	208	241
CCIS41548810ST-4-0	46982855	45982855	1000000	18661	199306	339397	211	236
CCIS41692898ST-4-0	65115933	64115933	1000000	27348	311107	301847	208	231
CCIS41806458ST-4-0	34143980	33143980	1000000	28015	324626	356518	211	230
CCIS44093303ST-4-0	64086282	63086282	1000000	25260	440169	296262	206	221
CCIS44676181ST-4-0	35667190	34667190	1000000	21093	217889	299780	207	231
CCIS44743950ST-4-0	58014311	57014311	1000000	23819	360768	350466	208	229
CCIS44757994ST-4-0	40098114	39098114	1000000	15585	328712	410530	212	238
CCIS45571137ST-3-0	14624128	13624128	1000000	16846	167627	200389	203	217
CCIS45793747ST-4-0	72104843	71104843	1000000	24397	238062	305547	212	236
CCIS46047672ST-4-0	28726194	27726194	1000000	23983	242583	256405	210	230
CCIS46467422ST-4-0	9468185	8468185	1000000	31187	384714	352648	201	220
CCIS47284573ST-4-0	29508304	28508304	1000000	21799	205400	307921	210	233
CCIS47745468ST-4-0	67292039	66292039	1000000	22050	193800	362167	208	233
CCIS48174381ST-4-0	44947381	43947381	1000000	19787	215619	311599	208	225
CCIS48507077ST-4-0	39987299	38987299	1000000	25232	234890	302782	206	231
CCIS48579360ST-4-0	22399794	21399794	1000000	15673	95011	296899	211	228
CCIS48725289ST-4-0	26066988	25066988	1000000	20818	235163	305955	208	230
CCIS50003399ST-4-0	54933353	53933353	1000000	27483	361729	322342	205	225
CCIS50148151ST-4-0	40495844	39495844	1000000	27457	290361	338547	206	232
CCIS50369211ST-20-0	17689389	16689389	1000000	24921	189298	338664	206	230
CCIS50471204ST-4-0	70891737	69891737	1000000	29127	285937	319387	210	235
CCIS50561855ST-4-0	26243105	25243105	1000000	18681	138338	383006	208	230
CCIS51595129ST-4-0	50826677	49826677	1000000	19080	138906	305065	205	229
CCIS51667829ST-4-0	57693880	56693880	1000000	22821	185422	301624	209	226
CCIS52234160ST-4-0	36623720	35623720	1000000	19292	212297	310029	209	237
CCIS52370277ST-4-0	42641895	41641895	1000000	26664	306247	322847	209	235
CCIS53043478ST-4-0	28555515	27555515	1000000	18059	167674	296086	210	229
CCIS53355328ST-4-0	28565865	27565865	1000000	21126	201494	281934	208	231
CCIS53557295ST-4-0	23295336	22295336	1000000	25036	292860	357047	204	228
CCIS54027808ST-4-0	36350751	35350751	1000000	23868	197772	346516	206	230
CCIS55230578ST-4-0	40954568	39954568	1000000	19727	213126	297273	212	233
CCIS55531770ST-4-0	14407340	13407340	1000000	24832	252597	340768	208	230
CCIS56503244ST-3-0	20640610	19640610	1000000	20141	204147	259197	207	218
CCIS58234805ST-4-0	18824436	17824436	1000000	41045	300946	343815	211	234
CCIS59132091ST-4-0	82925271	81925271	1000000	19964	183910	313718	208	227
CCIS59903910ST-4-0	41567280	40567280	1000000	32803	371062	343029	209	231
CCIS61287323ST-4-0	52854392	51854392	1000000	19109	274172	328153	206	235
CCIS62605362ST-3-0	86601614	85601614	1000000	17344	164008	276008	210	224
CCIS62794166ST-4-0	28477246	27477246	1000000	22935	277836	342119	209	233
CCIS63448910ST-4-0	53956900	52956900	1000000	24991	326635	382469	206	225
CCIS63468405ST-4-0	57147473	56147473	1000000	21782	229305	339432	209	235
CCIS63910149ST-4-0	16002463	15002463	1000000	22739	279045	304667	211	232
CCIS64773582ST-4-0	79205150	78205150	1000000	27298	215766	305530	211	239
CCIS64785924ST-20-0	10879524	9879524	1000000	27141	266192	324547	211	240
CCIS65479369ST-4-0	12571016	11571016	1000000	32177	335563	353303	208	232
CCIS70398272ST-4-0	65412264	64412264	1000000	17379	148885	305957	206	228
CCIS71301801ST-4-0	80751154	79751154	1000000	29475	218938	292303	201	230
CCIS71578391ST-4-0	62616028	61616028	1000000	18526	210352	308715	211	237
CCIS72607085ST-4-0	35804414	34804414	1000000	30379	325168	279249	209	232
CCIS74239020ST-4-0	51819248	50819248	1000000	17339	148816	330173	207	228
CCIS74726977ST-3-0	38711493	37711493	1000000	12173	86591	274152	210	228
CCIS76563044ST-4-0	54944168	53944168	1000000	25531	238976	293174	208	231
CCIS76845094ST-20-0	131850113	130850113	1000000	30365	339926	329520	211	235
CCIS77100899ST-4-0	52603017	51603017	1000000	22545	189620	317691	209	234
CCIS77252613ST-4-0	78222033	77222033	1000000	16017	109255	274563	210	228
CCIS78100604ST-4-0	67302310	66302310	1000000	28257	299707	322213	208	233
CCIS78318719ST-4-0	14637517	13637517	1000000	10732	127756	341171	213	241
CCIS79210440ST-3-0	1643901	643901	1000000	18903	208368	202746	207	218
CCIS80834637ST-4-0	82188498	81188498	1000000	28122	238852	304906	208	231
CCIS81139242ST-4-0	50699375	49699375	1000000	25829	228686	311541	206	229
CCIS81710917ST-20-0	84106047	83106047	1000000	29944	282464	350545	212	237
CCIS81735969ST-20-0	63845955	62845955	1000000	25852	202793	331427	210	233
CCIS81887263ST-4-0	78431887	77431887	1000000	19782	190406	293903	209	229
CCIS82146115ST-4-0	75141821	74141821	1000000	27561	284290	297505	206	229
CCIS82507866ST-3-0	17946731	16946731	1000000	29397	211972	230997	203	209
CCIS82944710ST-20-0	7808323	6808323	1000000	26809	297495	302224	205	228
CCIS83445808ST-4-0	34395377	33395377	1000000	22154	204838	340174	210	238
CCIS83574003ST-4-0	69497481	68497481	1000000	28626	232270	317572	209	226
CCIS83870198ST-4-0	58082457	57082457	1000000	20570	197941	330814	214	250
CCIS84543192ST-4-0	23880237	22880237	1000000	20126	143374	306799	209	225
CCIS85214191ST-3-0	42264878	41264878	1000000	38866	328087	257919	203	218
CCIS87116798ST-4-0	38976352	37976352	1000000	16639	132606	267739	209	237
CCIS87167916ST-4-0	30098339	29098339	1000000	11870	128396	408471	210	236
CCIS87252800ST-4-0	20975587	19975587	1000000	28088	217780	344187	210	238
CCIS87290971ST-4-0	43174084	42174084	1000000	25690	228164	330711	205	232
CCIS87605453ST-4-0	71662208	70662208	1000000	29260	308898	272545	200	218
CCIS88007743ST-4-0	53228765	52228765	1000000	30078	404190	341560	207	235
CCIS88317640ST-4-0	62485430	61485430	1000000	25769	240280	324402	210	234
CCIS90164298ST-4-0	55772772	54772772	1000000	12655	117039	310492	206	236
CCIS90166425ST-4-0	45340953	44340953	1000000	20246	155337	333856	209	233
CCIS90443472ST-4-0	47021512	46021512	1000000	14006	142160	269862	210	239
CCIS90903952ST-3-0	25930378	24930378	1000000	23479	177805	286650	207	226
CCIS91228662ST-4-0	77940546	76940546	1000000	23864	219886	302852	205	228
CCIS93040568ST-20-0	11882589	10882589	1000000	25430	268633	263903	210	228
CCIS94417875ST-3-0	18387941	17387941	1000000	8854	95759	215034	206	215
CCIS94496512ST-4-0	29433962	28433962	1000000	27595	331274	304379	209	229
CCIS94603952ST-4-0	59566386	58566386	1000000	27676	321362	340251	207	231
CCIS95097901ST-4-0	39723124	38723124	1000000	23359	265204	333098	205	227
CCIS95409808ST-4-0	58290394	57290394	1000000	20115	219880	329964	212	239
CCIS96387239ST-4-0	24041383	23041383	1000000	19117	134771	355315	195	224
CCIS98482370ST-3-0	17322064	16322064	1000000	20349	182761	222398	207	211
CCIS98512455ST-4-0	34614094	33614094	1000000	23970	223106	333294	207	230
CCIS98832363ST-4-0	50703872	49703872	1000000	16057	167441	291623	208	233
CCMD11006829ST-21-0	70700923	69700923	1000000	27756	168659	301843	210	235
CCMD12232071ST-21-0	53144782	52144782	1000000	21674	192375	321438	211	237
CCMD13071240ST-21-0	53201719	52201719	1000000	20960	189655	318447	210	236
CCMD13934959ST-21-0	31210538	30210538	1000000	27636	297673	313869	208	233
CCMD14479708ST-21-0	55786443	54786443	1000000	24163	229986	316025	210	230
CCMD18872694ST-21-0	47068150	46068150	1000000	29184	299704	316184	208	232
CCMD19497912ST-21-0	52806841	51806841	1000000	13719	106862	300081	210	229
CCMD23101338ST-21-0	71338168	70338168	1000000	22357	172013	337169	209	236
CCMD25511638ST-21-0	55803097	54803097	1000000	20323	149481	291257	209	232
CCMD25963797ST-21-0	68998500	67998500	1000000	21447	191956	317986	210	237
CCMD26709089ST-21-0	68089471	67089471	1000000	36519	407286	365689	209	231
CCMD26925580ST-21-0	45698313	44698313	1000000	23127	239801	343489	208	230
CCMD34381688ST-21-0	50203723	49203723	1000000	13166	133227	309310	204	228
CCMD35802077ST-21-0	52196742	51196742	1000000	22606	212083	318153	210	234
CCMD40701343ST-21-0	94892470	93892470	1000000	34168	298451	259514	203	225
CCMD42428553ST-21-0	48178299	47178299	1000000	12587	113635	312716	214	240
CCMD45988061ST-21-0	28161201	27161201	1000000	18673	210563	303876	210	232
CCMD46222674ST-21-0	53167918	52167918	1000000	19684	151847	319080	207	234
CCMD46947453ST-21-0	62303091	61303091	1000000	21378	214666	310868	204	235
CCMD48236717ST-21-0	67192122	66192122	1000000	21018	119314	305247	204	226
CCMD50071957ST-21-0	48289634	47289634	1000000	26505	237259	316015	208	238
CCMD51864103ST-21-0	59877906	58877906	1000000	23517	284187	318347	206	226
CCMD60079086ST-21-0	42540484	41540484	1000000	17826	159746	327331	209	232
CCMD63399960ST-21-0	62021887	61021887	1000000	19718	200050	324382	209	232
CCMD64503764ST-21-0	61770314	60770314	1000000	23448	191064	273639	208	235
CCMD64776337ST-21-0	57813063	56813063	1000000	23388	229410	322218	208	232
CCMD72895164ST-21-0	58862820	57862820	1000000	20899	257402	324999	205	228
CCMD74930188ST-21-0	50984410	49984410	1000000	27228	316355	305787	207	229
CCMD79987997ST-21-0	61924829	60924829	1000000	29970	320551	284527	209	234
CCMD82866709ST-21-0	43613173	42613173	1000000	17450	184818	303095	214	239
CCMD86114146ST-21-0	56944227	55944227	1000000	12279	110114	288309	209	232
CCMD86707194ST-21-0	62093312	61093312	1000000	22977	275412	353341	210	235
CCMD87156761ST-21-0	52446643	51446643	1000000	19349	103615	327799	211	239
CCMD88272491ST-21-0	57040846	56040846	1000000	23984	280595	295828	207	233
CCMD90311071ST-21-0	51580800	50580800	1000000	26913	238909	301848	207	227
CCMD93344354ST-21-0	63975507	62975507	1000000	26670	253624	332326	206	232
CCMD95433940ST-21-0	103592839	102592839	1000000	24483	257284	327687	207	231
CCMD96553385ST-21-0	57594535	56594535	1000000	31243	261880	315569	204	227
MMPU29365221ST	116437743	115437743	1000000	19591	172405	331135	208	229
MMPU68403337ST	114185943	113185943	1000000	19359	200166	306636	209	239
MMPU72854103ST	145750949	144750949	1000000	28636	334882	371139	207	230
MMPU84450604ST	119125578	118125578	1000000	27988	313805	375719	209	232
MMPU99077057ST	92365555	91365555	1000000	29523	404577	321463	209	232
