genus	SRR317085	SRR317086	SRR317087	SRR317088	SRR317089	SRR317090	SRR317091	SRR317092	SRR317093	SRR317094	SRR317095	SRR317096	SRR317097	SRR317098	SRR317099	SRR317100	SRR317101	SRR317102	SRR317103	SRR317104	SRR317105	SRR317106	SRR317107	SRR317108	SRR317109
Acetobacterium	0	0	0	1	0	0	0	0	0	0	0	0	0	0	16	0	0	0	0	0	0	0	177	0	0
Acholeplasma	0	0	0	0	6	0	0	0	0	0	0	0	0	0	0	0	0	0	0	0	0	0	0	0	0
Achromobacter	0	11	1	0	18	32	3	15	0	17	13	3	0	2	10	1	0	0	0	2	13	0	38	1	0
Acidaminococcus	0	1	15	122	4	458	0	1	0	0	1	0	25	0	89	15	0	0	0	0	0	5	120	0	0
Acidiphilium	0	1	2	0	0	0	0	0	0	0	0	3	0	0	0	0	3	1	0	0	0	1	0	2	0
Acidithiobacillus	0	0	0	0	0	0	0	0	0	0	0	0	1	0	0	0	0	0	0	0	0	1	0	0	0
Acidobacterium	0	0	0	1	0	0	0	0	0	0	0	0	0	0	0	0	0	0	0	0	0	0	1	0	0
Acidothermus	0	0	0	0	0	1	0	0	0	0	0	0	0	0	0	0	0	0	0	0	0	0	0	0	0
Acidovorax	1	4	20	75	187	37	17	20	1	6	7	10	7	2	21	4	35	2	1	17	10	12	6	11	1
Acinetobacter	14	28	3	13	44	75	103	94	17	12	12	46	41	29	55	12	195	67	9	42	53	36	11	7	6
Actinobacillus	0	0	0	0	13	1	0	0	0	0	0	0	16	0	1	0	0	0	0	0	8	0	1	0	0
Actinoplanes	0	0	0	0	0	0	0	0	0	0	0	0	0	0	0	0	1	0	0	0	0	0	0	53	0
Actinosynnema	0	0	0	0	0	0	0	0	0	0	0	0	0	0	0	0	0	0	0	0	0	0	0	7	0
Advenella	0	0	0	0	1	0	0	0	0	0	0	0	0	0	0	1	0	1	0	0	0	0	0	0	0
Aequorivita	0	0	0	0	0	0	0	0	1	0	0	0	0	0	0	0	0	0	0	0	0	0	0	0	0
Aerococcus	0	0	0	10	0	0	0	0	0	0	0	0	0	0	0	0	0	0	0	0	0	0	1	0	0
Aeromonas	0	0	0	0	0	0	1	11	0	0	0	0	3	1	1	0	0	0	0	1	13	0	0	1	0
Agathobacter	0	4644	0	26966	278495	2135	1186	163	0	157	0	90	11038	324	8	0	699	0	0	0	0	2	842	1	1
Aggregatibacter	0	1	0	0	1136	16	0	1	6	0	1	0	18	0	6	0	0	0	0	0	1	1	28	0	0
Agrobacterium	0	6	1	9	0	6	4	0	5	2	7	11	13	0	10	0	1	17	0	4	1	1	0	3	1
Akkermansia	0	0	0	2895	0	0	205	168	0	61	0	579	0	0	0	0	0	21	43	3	50	0	2056	0	0
Alcanivorax	0	1	1	0	0	0	0	1	0	0	0	0	0	0	1	0	0	0	1	0	0	1	0	0	0
Alicycliphilus	0	5	0	0	8	33	21	11	8	0	6	0	1	7	10	6	13	0	0	0	5	4	1	0	1
Alicyclobacillus	0	0	0	5	36	38	0	0	0	0	0	0	0	0	3	0	0	0	0	0	0	0	4	0	0
Aliivibrio	0	0	0	0	0	29	0	0	0	0	0	0	11	0	0	0	0	0	0	0	0	0	5	0	0
Alistipes	0	1377	1	1605	584	291	47	1	1	4	0	81	271	95	4	0	19	0	9	0	0	0	1320	14	1
Alkaliphilus	0	1	13	57	1725	1	1	0	2	0	0	42	192	0	19	0	30	0	9	0	0	32	150	2	0
Allochromatium	0	1	0	0	0	0	0	0	0	0	0	0	0	0	0	0	1	0	0	0	0	0	0	0	0
Allomyces	0	4	1	5	16	5	8	4	3	10	11	2	2	2	6	2	9	3	3	2	22	1	7	22	3
Alteromonas	0	0	0	5	0	7	0	0	0	0	0	0	0	0	0	0	0	0	0	0	0	0	0	0	0
Aminobacterium	0	0	0	0	0	0	0	0	0	0	0	0	0	0	0	0	0	0	0	0	0	0	320	0	0
Ammonifex	0	0	0	2	1	0	0	0	0	0	0	0	1	0	0	0	0	0	0	0	0	0	0	0	0
Amphibacillus	0	0	0	0	1	0	0	0	0	0	0	0	0	0	0	0	0	0	0	0	0	0	0	0	0
Amycolatopsis	0	0	0	0	0	0	1	0	0	0	0	0	0	0	0	0	0	0	0	0	0	0	0	0	0
Anabaena	0	0	0	0	0	0	0	2	0	0	0	9	0	0	0	0	0	0	0	0	0	0	0	0	0
Anaerobaculum	0	0	0	10	0	0	0	0	0	0	0	0	0	0	0	0	0	0	0	0	0	0	191	0	0
Anaerococcus	1	0	1	77	40	34	0	1	0	0	0	1	1	0	0	0	3	0	0	3	0	1	263	0	0
Anaeromyxobacter	0	0	0	0	0	0	0	0	0	0	0	0	0	0	0	0	0	0	0	0	0	0	1	1	0
Anaplasma	0	0	0	0	0	0	0	0	0	0	0	0	0	0	0	0	1	0	0	0	0	0	0	0	0
Anoxybacillus	0	0	0	0	0	1	1	0	0	0	0	8	0	1	0	1	0	0	1	2	0	1	0	0	0
Archaeoglobus	0	0	0	0	0	0	0	0	0	0	0	0	0	0	0	0	0	0	0	0	0	0	0	0	1
Aromatoleum	0	0	0	3	107	0	1	1	0	0	0	1	0	0	0	0	0	0	0	0	0	0	0	0	1
Arthrobacter	0	41	0	9	2	94	5	47	0	4	1	6	2	4	57	0	5	0	7	37	18	79	14	70	10
Arthroderma	0	4	2	0	3	5	2	4	7	1	0	4	4	4	1	6	3	4	5	3	2	0	1	7	0
Arthrospira	0	0	0	0	0	0	0	0	0	3	0	0	0	0	0	0	1	0	0	0	0	0	0	0	0
Aspergillus	1	539	412	711	14364	2283	156	2692	202	66	48	128	330	70	307	507	141	61	75	71	82	157	3966	74	66
Asticcacaulis	0	0	0	0	0	0	0	0	0	0	0	0	1	0	0	0	4	0	0	0	0	0	0	0	0
Atopobium	0	0	0	64	11	16	1	10	0	0	1	0	9	0	37	0	9	0	0	16	2	0	257	0	0
Aureoumbra	0	0	0	7	19	4	0	1	0	0	0	8	0	0	28	0	0	0	0	0	0	1	54	0	0
Azoarcus	0	0	0	17	15	0	0	0	1	0	0	0	0	0	0	0	0	0	0	0	2	0	0	0	0
Azorhizobium	0	0	0	0	0	0	0	0	0	0	9	12	0	0	0	1	2	7	0	1	2	0	0	0	0
Azospira	0	0	0	0	0	1	0	0	0	0	0	0	0	0	0	0	0	0	0	4	0	0	0	0	0
Azospirillum	0	1	3	0	12	2	0	3	4	3	0	5	7	0	0	6	4	0	0	0	0	0	1	2	0
Azotobacter	0	5	5	0	5	2	21	0	3	3	7	1	4	0	5	2	1	7	1	0	3	12	3	1	3
Babesia	0	0	0	0	0	0	0	0	0	0	0	1	0	0	0	0	0	0	1	0	0	0	0	0	0
Bacillus	1	5	5	135	178	17	1	2	5	1	0	26	83	0	19	0	0	3	0	0	7	40	70	8	12
Bacteroides	0	32603	1571	39758	304091	50302	1520	7226	2226	772	488	940	32883	7141	10738	1133	1757	596	10289	748	589	156011	361823	1932	2517
Batrachochytrium	0	4	2	0	5	5	2	2	7	6	2	4	3	0	2	0	3	3	1	1	4	0	0	3	1
Beggiatoa	0	3	1	0	0	2	22264	6	249	1203	4325	12592	0	5	25299	0	13	1	0	0	76	6	7	104	0
Belliella	0	0	0	0	0	0	0	0	0	0	0	0	0	0	0	0	0	0	0	0	0	0	20	0	0
Bermanella	0	0	0	0	0	0	0	0	0	0	0	0	0	0	1	1	0	0	0	0	0	0	1	0	0
Betaretrovirus	1	0	0	0	0	0	0	0	0	0	0	0	0	0	0	0	0	0	0	0	0	0	0	0	0
Beutenbergia	0	0	0	0	0	0	0	0	0	0	0	1	0	0	0	0	0	0	0	0	0	1	0	0	0
Bifidobacterium	0	2747	5	1754	642	931	4	7494	19	3	1	6	1	465	3	0	3	4	0	1333	1	0	1965	0	6
Bigelowiella	0	0	0	0	0	0	0	0	0	0	0	0	0	0	0	0	0	0	0	0	0	2	4	0	0
Blastococcus	0	0	0	0	0	0	0	0	0	0	0	0	0	0	0	0	0	0	0	0	0	0	0	5	0
Blastocystis	0	0	0	0	2	0	0	0	0	0	0	0	0	0	0	0	0	0	0	0	0	0	0	0	0
Blastomyces	0	0	0	0	0	0	1	0	0	0	0	0	0	0	0	0	0	1	0	0	0	0	0	0	0
Blattabacterium	0	0	0	7	0	2	0	0	0	0	0	0	1	0	0	0	0	0	0	0	0	0	9	0	0
Blautia	0	579	776	323	3932	64586	4	57	58	0	100	487	11129	216	37	242	7	1	0	0	0	5	145	16	0
Bordetella	0	1	1	67	495	12	2	48	9	0	1	2	6	0	5	1	0	0	1	10	0	3	0	2	0
Borrelia	0	0	0	0	4	0	0	0	0	0	0	2	0	0	0	0	0	0	0	0	0	0	0	0	0
Botrytis	3	1	0	1	1	3	0	1	0	21	0	1	11	1	1	2	2	0	1	0	2	0	0	14	9
Brachybacterium	0	0	0	0	0	0	0	1	0	0	0	0	0	0	0	2	0	1	0	0	0	0	0	1	0
Bradyrhizobium	3	214	63	109	41	42	49	31	55	27	46	117	139	20	34	7	76	16	12	30	14	22	12	64	9
Brevibacillus	0	0	0	1	82	41	0	0	0	0	0	0	0	0	0	0	0	0	0	0	0	0	0	0	0
Brevibacterium	0	0	0	1	0	4	0	1	0	0	1	0	0	0	0	0	0	5	0	0	0	1	1	0	0
Brevundimonas	0	1	1	3	1	6	1	0	0	0	0	3	7	0	0	1	3	9	1	1	3	1	1	30	0
Brucella	0	0	0	0	0	0	7	0	0	0	0	0	5	0	3	0	0	0	0	0	2	0	0	0	0
Bryopsis	0	0	0	0	1	0	0	0	0	0	0	0	0	0	1	0	0	0	0	0	0	0	1	0	0
Burkholderia	17	182	188	490	6713	802	1053	2129	266	179	120	291	569	74	532	148	274	144	110	137	291	179	442	154	112
Butyrivibrio	0	1	0	11	43	2	0	5	0	0	0	0	10	0	0	0	0	0	0	0	0	0	0	0	0
C2likevirus	0	0	0	0	0	0	0	0	1	0	0	0	0	1	0	0	0	0	0	0	0	0	1	0	0
Cafeteria	0	0	0	6	105	36	0	21	0	0	0	0	0	0	0	0	1	0	0	1	0	0	8	0	0
Caldanaerobacter	0	0	0	1	0	1	0	0	0	0	0	0	0	0	0	0	0	0	0	0	0	0	11	1	0
Caldicellulosiruptor	0	4	0	43	265	100	5	2	0	0	0	0	38	0	0	0	0	0	0	0	0	0	7	0	0
Caminibacter	0	0	0	0	0	1	0	0	0	0	0	0	0	0	0	0	0	0	0	0	0	0	0	0	0
Campylobacter	0	7	4	16	62	13	2	6	4	0	4	2	11	0	302	1	4	78	604	0	0	38	80	0	0
Candida	0	0	0	5	5	0	0	2	1	1	0	1	2	0	0	0	1	1	0	0	2	0	0	0	1
Candidatus Accumulibacter	0	0	0	0	103	0	0	10	0	0	0	0	0	0	0	0	0	0	0	0	0	0	0	0	0
Candidatus Amoebophilus	0	0	0	0	0	0	0	0	0	0	0	0	0	0	0	0	0	0	0	0	0	0	1	0	0
Candidatus Arthromitus	0	0	0	23	0	0	1	0	0	0	0	0	0	0	7	0	0	0	0	0	0	108	20	0	0
Candidatus Azobacteroides	0	0	0	12	2	2	0	0	0	0	0	2	0	0	0	0	0	0	0	0	0	0	8	0	0
Candidatus Desulforudis	0	0	0	0	7	1	0	0	0	0	0	0	2	0	0	0	0	0	0	0	0	0	0	0	0
Candidatus Endolissoclinum	0	0	0	0	0	1	0	0	0	0	0	0	0	0	0	0	0	0	0	0	0	0	3	0	0
Candidatus Endoriftia	0	0	0	0	1	1	0	1	0	0	1	0	0	0	0	0	0	0	0	0	0	0	0	0	0
Candidatus Methylomirabilis	0	0	0	1	0	0	0	0	0	0	0	0	0	0	0	0	0	0	0	0	0	0	0	0	0
Candidatus Midichloria	0	0	0	0	0	0	0	0	0	0	1	0	0	0	0	0	0	0	0	0	0	0	0	0	0
Candidatus Moranella	0	0	0	0	0	0	0	1	0	0	0	0	0	0	0	0	0	0	0	0	0	0	0	0	0
Candidatus Pelagibacter	0	9	0	8	0	0	15	0	0	2	0	9	17	3	8	0	6	0	0	0	8	17	14	0	1
Candidatus Ruthia	0	0	0	0	0	0	0	0	0	0	0	0	0	0	0	0	0	0	0	0	0	0	1	0	0
Candidatus Sulcia	0	0	0	5	0	0	0	0	0	0	0	0	0	0	0	0	0	0	0	0	0	0	4	0	0
Capnocytophaga	3	0	2	4	2	0	3	2	0	2	7	4	0	0	114	0	1	2	0	1	7	10	12	0	0
Capsaspora	0	0	0	1	0	2	1	0	0	1	0	0	3	0	0	4	0	1	2	0	4	1	5	10	7
Carboxydothermus	0	0	0	1	0	0	0	0	0	0	0	0	0	0	0	0	0	0	0	0	0	0	0	0	0
Carnobacterium	0	7	0	0	0	0	0	0	0	0	0	0	0	0	2	0	0	0	0	0	0	0	0	0	0
Catenibacterium	2	0	0	317	129	2	0	15	0	0	0	0	0	0	2	0	1	11	0	0	0	0	292	0	0
Caulobacter	0	10	1	3	1	1	1	1	0	1	1	1	1	0	1	1	5	0	0	1	3	1	1	1	1
Cellulomonas	0	0	0	0	0	24	1	0	0	0	0	0	0	0	0	0	0	2	0	2	0	0	0	8	2
Cellulophaga	0	1	0	0	0	0	0	0	0	0	0	0	0	0	0	0	0	0	0	0	0	0	0	0	0
Cellulosilyticum	0	8	1	386	4351	560	0	0	0	0	0	107	295	1	31	8	0	0	1	8	0	0	1472	0	0
Cellvibrio	0	0	0	0	0	0	1	0	0	0	0	0	0	0	0	0	0	0	0	0	0	0	0	0	0
Chaetomium	0	0	0	0	0	0	0	0	0	0	0	1	0	0	0	0	0	0	0	0	0	0	0	0	0
Chattonella	0	0	0	0	0	0	0	0	0	0	0	0	0	0	0	0	0	0	0	0	0	0	1	0	0
Chelativorans	0	1	0	0	0	0	0	0	0	0	0	0	0	0	0	0	0	0	0	0	0	0	0	0	0
Chitinophaga	0	0	0	0	0	0	0	0	0	0	0	0	0	0	0	0	0	0	0	0	0	0	0	6	0
Chlamydia	0	0	0	0	0	0	0	0	0	0	0	0	0	0	9	0	0	0	0	1	0	0	0	0	0
Chloracidobacterium	0	0	0	6	28	5	0	0	0	0	0	0	0	0	0	0	0	0	0	0	0	0	1	0	0
Chlorella	0	0	1	0	0	1	0	0	0	0	0	0	0	0	1	0	0	0	0	0	0	0	21	0	0
Chlorobium	0	0	0	0	0	1	0	0	0	0	0	0	0	0	0	0	0	0	0	0	0	0	5	0	0
Chromobacterium	0	0	0	40	112	33	3	0	0	1	0	1	1	3	0	0	0	6	0	0	0	0	0	0	0
Chromohalobacter	0	0	0	0	1	0	0	2	0	0	0	0	1	0	0	0	0	0	0	0	0	0	0	1	0
Chroococcidiopsis	0	0	0	0	0	0	0	0	0	0	1	0	0	0	0	0	0	0	0	0	0	0	0	0	0
Chrysodidymus	0	0	0	0	0	0	0	0	0	0	0	0	0	0	1	0	0	0	0	0	0	0	0	0	0
Citreicella	0	0	0	0	0	0	0	4	0	0	0	0	0	1	0	0	0	0	0	0	1	0	0	0	0
Citrobacter	0	50	25	0	2	129	8	1	2	1	1	0	0	5	10	209	1	8	0	0	2	1	1	0	0
Clavibacter	0	0	5	0	0	1	0	0	2	0	0	0	0	0	0	24	0	0	2	1	0	0	0	0	0
Clavispora	0	2	0	1	0	1	1	1	0	2	0	1	1	0	0	0	0	1	0	0	1	1	0	1	0
Clostridium	0	54	267	924	11633	5730	59	332	706	45	14	377	663	13	552	24	48	29	5837	53	23	37720	1546	28	134
Coccidioides	0	145	18	85	138	96	15	33	35	14	23	36	37	4	125	27	4	12	37	81	5	11	237	1	5
Collimonas	0	0	15	0	216	92	42	55	16	46	18	0	19	1	26	9	0	18	4	19	0	0	5	34	19
Collinsella	0	0	41	388	2877	535	9	28	1	1	0	70	1175	0	368	1	69	4	0	0	24	98	1699	67	0
Comamonas	0	7	0	72	3	174	0	0	11	2	6	0	2	0	0	0	0	0	0	18	0	0	37	9	0
Conexibacter	0	0	0	0	0	0	0	1	0	0	0	1	0	0	0	0	1	0	0	0	0	0	1	2	0
Coprinopsis	0	0	0	0	0	1	0	0	0	0	0	1	1	0	0	0	1	0	0	0	0	1	0	0	0
Coprobacillus	2	2	1	40	5898	1315	8	48	9	14	3	8	162	0	18	0	25	1	0	1	3	39	162	9	3
Corallococcus	0	0	1	0	0	0	0	0	0	0	0	0	0	0	0	0	0	0	0	0	0	0	0	0	0
Coriobacterium	0	0	0	18	2	1	20	0	0	0	0	0	88	0	0	0	0	0	0	0	0	0	0	0	0
Corynebacterium	8	21	4	20	18	13	22	170	43	8	8	15	9	13	50	3	30	31	8	17	23	26	16	6	7
Coxiella	0	0	0	0	16	0	0	1	0	0	0	0	0	0	0	0	0	0	0	0	0	0	0	0	0
Cronobacter	0	0	11	0	0	1	0	0	0	0	0	0	0	0	7	4	2	5	0	0	0	0	6	4	0
Cryptobacterium	0	0	0	0	0	57	0	0	0	0	0	0	0	0	14	0	23	0	0	0	0	0	0	0	0
Cryptomonas	0	0	0	1	22	0	0	0	0	0	0	0	2	0	0	0	0	0	0	0	0	0	13	0	0
Cryptosporidium	0	0	0	0	1	1	0	0	0	1	0	0	0	0	0	1	1	0	0	0	1	1	0	1	0
Cupriavidus	0	4	1	123	12057	2	41	890	0	0	7	7	35	1	7	0	30	13	1	13	4	6	137	13	19
Cyanidioschyzon	0	0	0	21	265	34	0	16	0	0	0	0	2	0	0	0	0	0	0	4	0	1	12	0	1
Cyanidium	0	0	0	1	0	0	0	0	0	0	0	0	0	0	0	0	0	0	0	0	0	0	1	0	0
Cyanobium	0	0	0	0	0	0	0	0	0	0	0	0	0	0	0	0	0	0	0	0	1	0	0	1	0
Cyanophora	0	0	0	0	1	0	0	0	0	0	0	0	0	0	0	0	0	0	0	0	0	0	0	0	0
Cyanothece	0	0	0	0	0	0	0	1	0	0	0	0	0	0	0	0	0	2	0	0	0	2	0	1	0
Cycloclasticus	0	0	0	0	1	0	0	0	0	0	0	0	0	0	0	0	0	0	0	0	0	0	0	0	0
Cytomegalovirus	0	0	0	0	0	0	0	1	0	3	0	0	0	0	32	0	0	1	0	0	0	0	1	0	24
Debaryomyces	0	0	0	0	0	0	0	0	0	0	0	0	0	0	0	0	0	0	1	0	0	0	0	0	0
Dechloromonas	0	0	0	0	0	7	0	0	0	0	0	0	0	0	0	0	0	0	0	1	0	0	0	0	0
Dehalobacter	0	0	0	0	0	0	0	0	0	0	0	0	0	0	0	0	0	0	6	0	0	0	0	0	0
Deinococcus	0	1	0	9	0	0	0	6	0	0	0	0	0	0	0	0	0	0	0	0	0	1	0	1	0
Delftia	1	3	45	6	4736	180	42	451	26	8	21	16	48	7	29	1	41	17	3	58	14	9	75	23	9
Denitrovibrio	0	0	0	0	0	0	0	0	0	0	0	0	0	0	1	0	0	0	0	0	0	0	0	0	0
Desulfarculus	0	0	0	2	0	0	0	0	0	0	0	0	0	0	0	0	0	0	3	0	0	0	2	0	0
Desulfatibacillum	0	0	0	0	0	0	1	1	0	0	0	0	0	0	0	0	0	0	1	0	0	0	1	0	0
Desulfitobacterium	0	0	0	2	57	70	0	0	2	0	0	11	3	0	0	0	0	0	0	0	0	0	70	0	0
Desulfobacula	0	0	0	0	0	0	0	0	0	0	0	0	1	0	0	0	0	0	0	0	0	0	0	0	0
Desulfococcus	0	0	0	0	13	3	0	0	0	0	0	0	1	0	0	0	0	0	0	0	0	0	1	0	0
Desulfomicrobium	0	0	0	0	0	0	0	0	0	0	0	1	12	0	0	0	0	0	0	0	0	0	0	0	0
Desulfosporosinus	0	0	0	38	10	15	0	0	0	0	0	0	1	0	0	0	0	0	0	0	1	7	3	0	0
Desulfotalea	0	0	0	0	0	0	0	0	0	0	0	0	0	0	0	0	0	0	0	0	0	0	5	0	0
Desulfotomaculum	0	1	0	78	175	71	0	0	0	0	0	0	1	0	0	0	0	0	25	12	0	0	456	0	0
Desulfovibrio	0	0	27	936	1048	235	25	0	0	0	0	224	69	0	235	6	16	18	45	0	1	0	6626	22	24
Desulfurispirillum	0	0	0	0	0	0	0	0	0	0	0	0	0	0	0	0	0	0	0	0	0	1	0	0	0
Desulfurivibrio	0	0	0	0	1	0	0	0	0	0	0	0	1	0	0	0	0	0	0	0	0	0	14	0	0
Desulfuromonas	0	0	0	0	0	1	0	0	0	0	0	0	1	0	0	0	0	0	0	0	0	0	0	0	0
Dethiobacter	0	0	0	0	1	0	0	0	0	0	0	0	1	0	0	0	0	0	0	0	0	0	34	0	0
Dickeya	0	0	0	0	0	0	0	0	0	0	0	0	2	4	1	0	0	3	0	5	0	1	0	0	0
Dictyostelium	0	0	0	1	0	1	0	0	1	0	0	0	0	0	0	0	3	0	0	0	0	0	0	1	0
Dinoroseobacter	0	1	0	1	0	0	0	0	0	0	0	0	0	0	0	0	0	0	0	0	0	0	0	0	0
Dokdonia	0	0	0	0	0	0	0	0	0	0	0	0	0	0	0	0	0	0	0	0	0	0	1	0	0
Dorea	0	380	162	41559	513063	8927	1794	4775	0	190	0	48	1786	0	3824	0	1365	457	148	337	41	4653	27405	1520	422
Dyadobacter	0	0	0	0	0	0	0	0	0	0	0	0	5	0	0	1	0	0	0	0	0	0	1	0	0
Ectocarpus	0	0	0	0	0	0	0	0	0	0	0	0	0	0	0	0	0	0	0	0	0	0	8	0	0
Edwardsiella	0	0	0	0	0	0	0	0	0	0	1	0	0	0	0	0	0	0	0	0	3	0	0	0	0
Eggerthella	0	0	0	134	1234	1286	0	1	0	0	0	55	329	0	249	0	0	12	3	2	0	26	613	31	32
Elusimicrobium	0	0	0	0	0	1	0	0	0	0	0	0	0	0	0	0	0	0	0	0	0	0	0	0	0
Emiliania	0	0	0	0	0	0	0	0	0	0	0	0	0	0	4	0	0	0	0	0	0	0	0	0	0
Encephalitozoon	0	0	0	0	0	1	0	0	0	0	0	0	0	0	0	0	0	0	0	0	0	0	0	0	0
Enhydrobacter	6	29	3	8	1	1	7	15	7	1	2	274	7	1	20	5	7	6	3	6	3	13	15	5	6
Enterobacter	8	40	0	14	351	0	1	28	7	0	0	0	0	38	46	0	10	89	0	2	1	1	62	0	1
Enterococcus	0	1432	134	1092	3624	2001	50	1061	167	1	0	53	925	238	1170	33	31	1	154	264	0	3420	11197	0	98
Eremothecium	0	0	0	0	4	0	0	0	0	0	0	0	0	0	0	0	0	0	0	0	0	0	0	0	0
Erwinia	0	0	24	0	466	11	2	49	0	2	0	0	0	0	2	1	2	0	0	1	0	0	1	0	2
Erysipelothrix	0	0	39	7	711	182	0	0	0	0	0	49	0	0	0	0	0	0	0	0	0	0	685	0	0
Erythrobacter	0	24	5	26	0	2	0	0	0	0	2	1	15	0	1	0	2	1	0	0	1	1	11	9	1
Escherichia	1601	6106	10272	1625	64780	12694	440	20268	6535	89	320	494	6495	2469	3577	11291	20772	8740	2317	4524	8450	4406	51782	10496	9719
Ethanoligenens	0	0	0	562	2734	244	2	1	0	0	0	1	268	0	0	0	0	0	0	0	0	0	234	0	0
Eubacterium	38	4	72	3040	15567	3213	45	213	1	0	119	37	910	30	165	19	18	6	17	22	20	109	2546	11	5
Exiguobacterium	0	0	0	0	17	43	0	1	0	0	0	0	0	0	0	0	1	0	0	0	0	0	5	3	0
F116likevirus	0	0	0	0	0	0	1	0	0	0	0	0	0	0	0	0	0	0	0	0	0	0	1	0	0
Ferrimonas	0	0	0	0	4	37	0	0	0	0	0	0	0	0	0	0	0	0	0	0	0	0	0	0	0
Fervidobacterium	0	0	0	1	0	0	0	0	0	0	0	0	0	0	0	0	0	0	0	0	0	0	13	0	0
Filifactor	0	0	4	214	99	0	0	0	0	0	1	0	0	0	34	0	3	0	71	0	0	0	319	0	0
Filobasidiella	0	0	0	0	0	0	0	0	0	0	1	0	0	0	0	0	3	0	0	0	0	0	0	0	0
Finegoldia	1	0	0	74	0	0	0	38	0	0	0	2	0	3	1	0	1	0	2	34	1	1	290	0	0
Flavobacterium	2	0	0	26	2	1	16	0	0	1	2	0	8	0	3	0	1	4	0	0	0	1	1	2	1
Flexibacter	0	0	0	0	0	0	3	0	0	0	0	0	0	0	0	0	0	0	0	0	0	0	0	0	0
Fonticula	0	4	2	0	1	1	3	0	2	16	2	13	2	2	2	1	0	0	1	2	0	0	1	2	2
Francisella	0	0	0	0	0	0	0	1	0	0	0	0	2	0	0	0	0	2	0	0	0	0	0	0	0
Frankia	0	1	0	0	0	0	0	0	0	0	0	0	0	0	0	0	5	0	0	0	0	0	0	3	0
Frateuria	0	0	0	0	3	13	0	0	0	0	0	0	1	0	0	0	0	0	0	1	0	0	0	1	0
Fusarium	10	3	4	0	2	2	3	10	4	2	2	4	1	19	2	11	1	5	12	0	4	2	0	4	1
Fusobacterium	1586006	1585	23	706	1575	209	9	251	118	6	36	9	0	423	5096	92	118	459	1916	1372	105	14065	78904	64	53
Gaeumannomyces	0	0	0	0	0	0	1	1	0	0	0	1	0	0	0	0	0	0	0	0	0	0	1	0	0
Gallibacterium	0	0	1	0	0	0	0	0	0	0	0	0	0	0	0	0	0	0	0	0	0	0	0	0	0
Gallionella	0	0	0	0	1589	0	0	164	0	0	0	0	0	0	0	0	0	0	0	0	0	0	0	0	0
Gammaretrovirus	0	0	0	0	0	0	0	0	0	0	0	0	0	0	0	0	0	0	0	0	1	0	0	0	0
Gardnerella	0	0	0	0	4	1	0	0	1	2	2	0	0	3	1	0	64	0	0	0	0	0	5	0	0
Geitlerinema	0	0	1	0	0	0	0	0	0	0	0	0	0	0	0	0	0	0	0	0	0	0	0	0	0
Gemella	0	0	0	670	546	47	3	4	1	0	19	0	195	0	537	2	18	35	48	0	0	608	10434	20	0
Gemmata	0	0	0	0	8	21	0	1	11	0	0	0	0	0	0	0	0	0	0	0	0	1	0	0	0
Gemmatimonas	0	0	0	0	0	1	0	0	0	0	0	0	0	0	0	0	0	0	0	0	0	0	2	0	0
Geobacillus	0	20	11	18	317	38	9	24	12	14	6	29	45	12	6	17	9	14	22	13	15	5	77	23	4
Geobacter	0	1	0	1	2	3	0	1	0	0	0	1	0	0	0	0	0	0	1	0	0	0	3	0	0
Geodermatophilus	0	0	0	0	0	0	0	0	0	0	0	0	0	0	0	0	0	1	0	1	0	0	0	6	0
Gimesia	0	0	0	0	1	0	0	0	0	0	0	0	0	0	0	0	0	0	0	1	0	0	0	0	0
Glaciecola	0	0	0	0	0	3	0	0	0	0	0	0	0	0	0	0	0	0	0	0	0	0	0	0	0
Gluconobacter	0	0	0	0	40	25	0	0	0	0	0	0	0	0	0	0	0	0	0	0	0	0	0	6	0
Gordonia	0	0	0	0	0	1	1	0	0	0	0	4	10	0	1	2	1	1	0	4	0	1	1	0	0
Gottschalkia	0	0	0	20	0	0	0	0	0	0	0	0	1	0	9	0	0	0	0	0	0	0	0	0	0
Gracilaria	0	0	0	2	88	18	0	0	0	0	4	0	12	0	0	0	0	0	0	0	0	0	13	0	0
Granulicatella	0	0	0	68	18	0	0	1	18	0	4	4	11	0	4	0	0	0	18	3	0	684	1807	0	19
Granulicella	0	0	1	0	0	0	0	0	0	0	0	0	1	0	0	0	0	0	0	0	1	0	0	0	0
Grimontia	0	0	0	0	0	8	0	0	0	0	0	0	0	0	0	0	0	0	0	0	0	0	0	0	0
Guillardia	0	0	0	0	0	0	0	0	0	0	0	0	1	0	0	0	0	0	0	0	0	0	0	0	0
Haemophilus	2	1	6	728	1183	357	1	62	86	5	35	10	466	7	27	1	11	23	1	10	11	136	269	37	4
Halanaerobium	0	0	0	0	0	0	0	0	0	0	0	11	0	0	0	0	0	0	1	0	0	0	0	0	0
Haliscomenobacter	0	0	0	2	0	0	0	0	0	0	0	0	0	0	0	0	0	0	0	0	0	0	0	0	0
Halobacillus	0	0	0	0	37	4	0	0	0	0	0	0	0	0	0	0	0	0	0	0	0	0	27	0	0
Halobacterium	0	0	0	0	0	0	0	0	0	0	0	1	0	0	0	0	0	0	0	0	0	0	0	0	0
Halomonas	0	0	0	0	1	1	0	0	0	0	0	0	1	0	0	0	0	0	0	0	0	0	0	0	0
Halorhodospira	0	0	0	0	5	0	0	0	0	0	0	0	0	0	0	0	0	0	0	0	0	0	0	0	0
Haloterrigena	0	0	1	0	0	0	0	0	0	0	0	0	0	0	0	0	0	0	0	0	0	0	0	0	0
Halothermothrix	0	0	0	0	0	0	0	0	0	0	0	0	0	0	0	0	1	0	0	0	0	0	0	0	0
Halothiobacillus	0	0	0	0	4	0	0	0	0	0	0	0	0	0	0	0	0	0	0	0	0	0	0	0	0
Helicobacter	0	3	2	6	10	3	3	0	2	2	4	7	2	4	6	7	6	5	3	4	10	3	8	5	2
Heliobacterium	0	0	0	13	110	0	0	0	0	0	0	7	0	0	0	0	0	0	0	0	0	0	71	0	0
Hemiselmis	0	0	1	0	0	0	0	0	0	0	0	0	0	0	0	0	0	1	0	0	0	0	0	0	0
Herbaspirillum	0	6	0	0	36	2	5	0	1	0	0	3	1	0	2	1	1	11	0	0	0	0	1	2	13
Herminiimonas	0	0	0	2	88	7	0	6	1	0	0	7	0	0	3	0	0	0	0	0	0	3	0	2	0
Herpetosiphon	0	0	0	0	0	0	0	0	0	0	0	0	0	0	0	0	0	0	0	0	0	0	0	10	0
Hippea	0	0	0	0	1	0	0	0	0	0	0	0	0	0	0	0	0	0	0	0	0	0	0	0	0
Histophilus	0	0	0	0	0	0	0	0	0	0	0	0	4	0	0	0	0	0	0	0	0	1	0	0	0
Histoplasma	0	0	0	0	0	0	0	0	0	0	0	0	0	0	0	0	0	0	0	0	1	0	0	0	0
Hyaloperonospora	0	2	1	18	12	2	63	22	4	1	0	14	2	2	12	1	8	0	4	1	8	50	46	0	15
Hydrogenivirga	0	0	0	0	6	1	0	0	0	0	0	0	0	0	0	0	0	0	0	0	0	0	0	0	0
Hyphomicrobium	0	0	0	6	0	0	0	0	0	0	0	0	7	0	0	0	1	2	0	0	2	0	4	2	1
Hyphomonas	0	0	0	5	12	0	0	0	0	0	0	0	0	0	0	0	0	0	0	0	0	0	0	0	0
Idiomarina	0	0	0	0	0	0	0	1	0	0	0	0	0	0	4	0	0	0	0	0	0	0	0	0	0
Ignavibacterium	0	0	0	0	0	0	0	0	0	0	0	0	1	0	0	0	0	0	0	0	0	0	1	0	0
Ilyobacter	1	0	97	0	1	1	0	0	0	0	0	8	1	0	20	0	0	0	0	0	0	1	1	0	0
Inovirus	0	0	0	0	0	0	0	0	0	0	0	0	0	0	1	0	0	0	0	0	0	0	0	0	0
Intrasporangium	0	0	0	0	0	0	5	1	0	0	0	0	0	0	0	0	0	0	1	0	0	0	0	0	0
Isoptericola	0	1	0	0	0	0	0	0	0	10	0	0	0	0	0	0	0	0	0	0	0	0	0	0	0
Jannaschia	0	0	0	10	0	0	0	0	1	0	0	0	0	0	0	0	0	0	0	0	0	0	7	0	0
Janthinobacterium	0	0	0	19	173	0	0	0	0	1	0	0	0	0	0	0	1	1	0	0	0	0	0	2	0
Jonesia	0	0	0	0	5	0	0	0	0	0	0	0	0	0	0	0	0	0	0	0	0	0	0	0	0
Kangiella	0	0	0	0	1	0	0	1	0	0	0	0	0	0	0	0	0	0	0	0	0	0	0	0	0
Ketogulonicigenium	0	0	0	0	0	0	0	0	0	1	0	0	1	0	0	0	0	0	0	0	0	0	0	0	0
Kineococcus	0	0	0	0	0	1	0	0	0	0	0	1	0	0	0	0	0	0	3	0	1	0	0	16	0
Kitasatospora	0	0	0	0	7	0	0	0	0	0	0	0	0	0	0	0	0	0	0	0	0	0	0	0	0
Klebsiella	1	838	76	0	837	1084	30	162	11	12	5	28	4	147	211	17	37	85	3	36	27	29	93	21	2
Kocuria	0	1	20	0	0	1	0	0	0	7	1	0	0	2	2	0	4	2	0	1	0	0	0	3	0
Komagataeibacter	0	0	0	0	0	0	0	0	0	0	0	0	0	0	0	0	1	0	0	0	0	0	0	0	0
Kribbella	0	0	0	0	0	0	0	0	0	0	0	0	0	0	1	0	0	0	0	0	0	0	0	1	0
Kyrpidia	0	0	0	0	0	0	0	0	0	0	0	0	0	0	0	0	0	0	0	0	0	0	1	0	0
Kytococcus	1	1	0	0	0	0	1	0	6	0	0	0	0	0	1	0	1	0	0	0	1	0	2	0	0
Labrenzia	0	0	0	0	22	0	0	2	0	0	0	0	0	0	0	0	0	0	0	0	1	0	0	0	0
Laccaria	0	12	1	4	7	6	3	0	7	6	2	7	1	2	2	6	7	10	7	3	10	4	2	10	1
Lachancea	8	0	0	0	0	0	0	0	0	0	0	0	0	0	0	0	0	0	0	0	0	0	0	0	0
Lachnoclostridium	0	110	19	4833	1139	17158	0	5374	95	0	150	85	88	88	3677	236	2	465	455	314	35	1548	76712	904	309
Lacinutrix	0	0	0	0	2	0	0	0	0	0	0	0	0	0	0	0	0	0	0	0	0	0	0	0	0
Lactobacillus	0	106	140	149	774	12	11	513	0	6	5	9	17	13	32	0	0	3	0	79	9	7	423	13	0
Lactococcus	11	2	23	6	0	69	5	44	2	9	0	13	505	4	98	10	32	14	4	13	6	12	24	27	10
Lambdalikevirus	1890	199	257	464	314	228	9677	1910	256	41	270	622	2303	202	1771	250	1712	1050	42	720	1100	98	335	1423	2293
Laribacter	0	0	0	334	3182	573	1	0	0	0	0	0	0	0	0	0	0	1	1	1	0	0	388	2	0
Lawsonia	0	0	0	41	0	0	10	0	0	0	0	0	160	0	0	0	0	0	0	0	0	0	417	0	0
Leadbetterella	0	0	0	0	0	0	0	0	0	0	2	0	0	0	0	0	0	0	0	1	1	0	0	0	0
Legionella	0	0	0	0	0	5	0	0	0	0	0	0	0	0	0	0	0	0	0	0	0	0	0	0	0
Leifsonia	0	2	0	0	0	0	0	0	0	0	0	0	0	0	0	0	0	0	0	0	0	3	0	0	4
Lentisphaera	0	0	0	1	0	0	0	0	0	0	0	0	0	0	0	0	0	0	0	0	0	0	0	0	0
Leptosira	0	0	0	0	12	1	0	0	0	0	1	0	0	0	0	0	0	0	0	0	0	0	159	0	1
Leptothrix	0	0	0	0	3670	149	11	357	0	0	0	0	0	0	0	0	22	7	0	7	0	1	0	0	0
Leptotrichia	33	0	4	7	1313	8	0	2	0	0	3	1	0	0	294	13	4	0	9	0	1	5	4001	0	0
Leuconostoc	1	0	0	20	83	0	0	1	0	2	0	4	0	0	1	0	0	0	0	0	0	2	7	0	1
Limnobacter	0	0	0	8	537	76	0	31	0	1	0	0	3	0	0	0	2	0	0	0	0	0	18	0	0
Listeria	0	0	0	30	13	1	0	0	0	0	0	0	8	0	0	0	0	0	2	0	0	7	18	0	0
Lodderomyces	0	0	0	0	0	0	0	0	0	0	0	1	0	0	2	0	0	0	0	0	0	0	0	0	0
Lymphocryptovirus	0	0	0	0	0	0	0	4	0	0	0	0	0	0	0	0	0	0	0	0	0	0	0	0	0
Lyngbya	0	0	0	0	0	0	0	0	0	0	0	0	0	0	0	0	0	0	0	0	0	0	1	0	0
Lysinibacillus	0	0	0	0	1	1	0	0	2	21	4	0	0	0	0	0	0	0	0	0	0	0	0	0	0
Macrococcus	0	0	0	0	0	0	0	1	0	0	0	0	0	0	0	0	0	0	0	0	0	0	0	5	0
Mageeibacillus	0	0	0	1	1	1	0	0	0	0	0	0	0	0	0	0	0	0	0	0	0	0	18	0	0
Magnaporthiopsis	0	0	1	0	0	1	0	0	0	0	0	0	0	0	0	0	0	1	0	1	2	2	0	0	0
Magnetospirillum	0	1	14	0	2	20	77	0	22	7	0	41	29	12	174	20	54	18	40	56	38	245	60	14	26
Mahella	0	0	0	0	2	0	0	0	0	0	0	0	0	0	0	0	0	0	0	0	0	0	0	0	0
Malassezia	17	5	6	6	18	16	17	17	6	15	15	14	1	21	54	10	10	20	13	6	16	17	6	13	4
Mannheimia	0	0	0	0	0	0	0	0	0	0	0	0	0	0	0	0	0	0	0	0	3	0	1	0	0
Maricaulis	0	0	1	0	0	0	1	0	0	0	0	2	0	0	1	0	0	0	0	0	0	0	0	0	0
Marinitoga	0	0	0	0	0	0	0	0	0	0	0	0	0	0	0	0	0	0	0	0	0	0	1	0	0
Marinobacter	0	0	0	0	0	1	3	0	0	1	0	0	1	0	0	1	0	0	0	0	0	1	0	5	0
Marinomonas	0	0	0	1	0	0	0	9	0	0	0	0	0	0	0	1	0	0	0	0	0	0	1	0	0
Marvinbryantia	0	2	8	222	4728	328	5	43	0	11	0	4	395	0	37	1	8	0	1	8	0	5	145	9	0
Mastadenovirus	7	0	0	0	0	1	0	0	0	0	0	0	0	0	10	0	0	0	0	0	0	1	0	3	9
Megasphaera	0	0	0	0	1	43	0	1	0	0	0	0	0	0	0	0	0	0	0	0	0	0	149	0	0
Meiothermus	0	0	0	0	0	0	0	0	1	0	0	1	0	0	0	0	0	0	0	0	2	1	55	0	0
Melioribacter	0	0	0	0	0	0	0	0	0	0	0	0	0	0	0	0	0	0	0	0	0	0	9	0	0
Melissococcus	0	0	0	0	0	0	0	0	0	0	0	0	0	0	0	0	8	0	0	0	0	0	0	0	0
Mesoplasma	0	0	0	0	4	0	0	0	0	0	0	0	0	0	0	0	0	0	0	0	0	0	0	0	0
Mesorhizobium	0	6	0	1	2	4	4	5	2	2	3	3	2	1	12	3	4	0	2	0	6	3	6	5	7
Methanopyrus	0	0	0	1	0	0	0	1	0	0	0	0	0	0	1	0	0	0	0	0	0	0	0	0	0
Methanosaeta	0	0	0	0	0	0	0	0	0	0	0	2	0	0	0	0	0	0	0	0	0	0	0	0	0
Methanosarcina	0	0	0	0	0	0	0	0	0	0	0	1	0	0	0	0	0	0	0	0	0	0	0	0	0
Methanosphaera	0	0	0	0	0	0	0	0	0	0	0	4	0	0	0	0	0	0	0	0	0	0	0	0	0
Methanothermobacter	0	0	0	0	0	0	0	0	0	0	0	2	0	0	0	0	0	0	0	0	0	0	0	0	0
Methylibium	0	1	0	0	4	0	0	0	0	0	0	1	0	0	0	0	0	0	0	0	2	0	0	1	0
Methylobacillus	0	0	0	0	2	1	0	16	0	1	0	0	0	1	0	0	0	0	0	0	0	0	0	0	0
Methylobacterium	0	154	44	61	148	13	170	118	126	17	59	216	120	10	822	68	311	41	80	68	217	580	240	53	132
Methylocella	0	0	0	3	0	0	0	0	0	0	0	0	0	0	0	0	0	0	0	0	0	0	0	0	0
Methylococcus	1	0	0	0	0	1	0	0	0	0	0	0	0	0	0	0	0	0	0	0	0	0	0	0	0
Methylocystis	0	0	0	0	0	0	2	1	0	0	0	0	0	0	0	0	0	0	0	0	0	0	0	0	0
Methylomonas	0	0	0	0	0	1	1	0	0	0	0	0	0	0	0	0	0	0	0	0	0	0	0	0	0
Methylophaga	0	0	0	0	1	0	0	0	0	0	1	0	0	0	0	0	0	0	0	0	0	0	0	0	0
Methylotenera	1	0	0	0	0	0	0	0	0	1	0	0	0	0	1	0	0	0	0	0	0	0	0	0	0
Methylovorus	0	0	0	0	6	1	0	0	0	0	0	0	0	0	0	2	0	0	0	0	0	0	0	0	0
Meyerozyma	1	0	1	0	1	0	1	0	1	0	0	1	1	0	2	0	1	2	2	0	1	2	4	0	1
Micavibrio	0	1	0	0	0	0	0	0	0	0	0	0	0	0	0	0	0	0	0	0	0	0	0	0	0
Microbacterium	0	0	0	0	0	0	0	8	1	0	0	0	0	0	3	0	1	0	0	1	0	5	0	20	18
Micrococcus	1	0	0	0	0	0	0	4	4	1	1	3	1	4	5	1	3	2	0	0	1	1	1	1	0
Microcystis	0	0	0	0	0	0	0	0	0	0	1	0	0	0	0	0	0	0	0	0	0	0	0	0	0
Microlunatus	0	0	1	0	0	0	0	2	0	1	0	0	0	0	0	0	2	0	0	0	0	1	1	3	0
Micromonas	0	0	1	0	0	0	0	0	1	0	0	0	0	1	0	1	0	1	0	0	0	1	0	0	0
Micromonospora	0	0	0	0	0	0	0	0	0	0	0	0	0	0	0	0	0	0	0	0	0	0	0	2	0
Microsporum	0	0	0	0	1	0	0	0	0	1	0	0	0	0	0	0	1	0	0	0	0	0	0	0	0
Mobiluncus	0	0	0	9	0	0	0	0	0	0	0	0	0	0	0	0	0	0	0	0	0	0	662	0	0
Modestobacter	0	0	0	0	0	0	0	0	0	0	0	0	0	1	0	0	1	1	0	2	0	0	0	3	0
Monosiga	0	1	3	4	1	0	5	3	2	10	2	0	0	0	1	2	3	3	3	1	11	2	1	5	0
Moorella	0	0	0	4	1	0	0	0	0	0	0	0	0	0	29	0	0	0	0	2	0	2	8	0	0
Moraxella	0	0	0	0	2	0	0	0	0	0	0	5	0	0	1	0	0	0	0	0	0	0	0	0	0
Mortierella	0	1	2	0	4	0	2	0	3	11	0	0	2	1	1	1	1	0	0	1	0	2	1	1	3
Mucor	0	0	0	1	3	2	1	1	0	3	1	0	3	1	1	9	0	1	3	0	4	0	2	2	1
Myceliophthora	0	0	0	0	0	0	0	0	0	0	0	1	0	0	0	0	0	0	0	0	0	0	0	1	0
Mycobacterium	0	2	0	2	1	1	0	2	0	0	1	0	1	2	4	0	8	0	0	4	1	4	2	5	0
Mycoplasma	0	0	0	8	7	0	0	0	0	0	0	0	1	0	0	0	0	0	0	0	0	2	4	0	0
Myxococcus	0	0	0	0	0	0	0	0	0	0	0	0	0	0	7	0	0	0	0	0	0	0	0	0	0
Nakamurella	0	0	0	0	0	0	0	0	0	0	0	1	0	0	0	0	1	0	0	0	0	0	0	1	0
Nakaseomyces	0	0	0	0	0	0	0	1	0	0	0	0	0	0	0	0	0	0	0	0	0	0	0	0	0
Natranaerobius	0	0	0	0	0	0	0	0	0	0	0	0	0	0	3	0	0	0	0	0	0	0	12	0	0
Naumovozyma	2	0	0	1	2	1	5	3	3	0	0	2	2	1	0	0	0	1	1	0	3	3	1	5	0
Nautilia	0	0	0	1	0	2	0	0	0	0	0	0	0	0	0	0	0	0	0	0	0	0	14	0	0
Neisseria	6	13	12	22	229	154	11	168	13	30	169	16	11	19	65	2	23	27	17	29	38	7	45	17	11
Neosartorya	0	0	1	23	78	18	16	8	1	0	1	3	14	8	37	4	3	1	3	4	13	7	55	16	2
Nephroselmis	0	0	0	1	0	0	0	0	0	0	0	0	1	0	0	0	0	0	0	0	4	0	1	0	0
Neurospora	0	0	0	0	0	0	1	0	0	0	0	0	0	0	0	0	0	0	0	0	0	0	0	1	0
Niastella	0	0	0	1	1	0	0	0	0	0	0	0	0	0	0	0	0	0	0	0	0	0	0	0	0
Nitratiruptor	0	0	0	1	0	0	0	0	0	0	0	0	0	0	0	0	0	0	0	0	0	0	0	0	0
Nitrobacter	0	0	0	0	48	0	0	1	2	0	1	0	1	0	0	0	0	0	0	0	0	0	0	0	0
Nitrosococcus	0	0	0	0	0	0	0	0	0	0	0	0	0	0	0	0	0	0	0	0	0	0	2	0	0
Nitrosomonas	0	0	0	25	836	38	8	179	0	1	0	2	0	0	0	0	11	0	1	8	0	0	28	0	0
Nitrosospira	0	0	0	1	90	0	0	0	0	0	0	0	0	0	0	0	0	0	0	0	0	0	1	0	0
Nitrospira	0	0	0	2	0	1	0	0	0	0	0	0	0	0	0	0	0	0	0	0	0	0	18	0	0
Nocardia	0	0	0	0	0	0	0	0	0	0	0	0	0	0	0	0	0	0	0	0	6	1	0	0	0
Nocardioides	0	0	0	0	0	0	0	0	0	1	1	0	0	0	0	0	4	0	0	0	0	1	0	28	1
Nocardiopsis	1	0	0	4	0	0	0	0	0	0	0	0	0	0	5	0	0	0	0	0	0	0	0	0	0
Nostoc	0	0	0	0	0	0	0	0	0	0	0	0	0	0	0	0	1	0	1	0	0	0	0	0	0
Novosphingobium	0	76	38	25	6	20	2	7	20	3	24	72	58	5	13	3	20	10	6	6	0	6	4	27	9
Oceanimonas	0	0	0	0	0	0	0	0	0	0	0	0	0	0	0	0	0	0	0	0	0	0	0	0	1
Oceanobacillus	0	0	0	0	1	0	0	1	0	0	0	0	0	0	0	0	0	0	0	0	0	0	16	0	0
Ochrobactrum	0	0	0	45	107	80	16	0	0	5	16	0	0	0	5	0	1	3	0	0	1	8	0	0	0
Odoribacter	0	0	1	1800	336	32	71	1	0	0	13	142	271	0	9	0	12	22	0	0	7	0	570	1	46
Oligotropha	0	0	0	0	2	0	0	0	0	0	0	0	0	0	0	0	0	0	0	0	0	0	0	0	0
Olsenella	0	0	0	4	11	179	5	0	0	0	0	0	2	1	31	0	0	2	0	0	0	0	229	5	0
Oscillibacter	0	1	4	5530	21761	5601	100	120	0	0	1	7	1476	0	63	19	32	0	92	0	1	437	2745	60	31
Oxalobacter	0	1	0	14	1615	32	6	110	0	0	0	0	1	0	0	0	9	0	0	0	0	0	1	1	0
Paenibacillus	0	4	0	245	957	176	2	0	0	0	0	31	116	0	0	0	0	0	0	0	0	8	315	0	13
Paludibacter	0	1	3	96	26	38	1	11	7	2	0	2	19	1	0	3	2	0	2	1	0	0	32	1	10
Pantoea	0	10	2	0	0	0	12	0	0	0	0	1	1	7	22	0	4	1	1	8	0	4	2	0	1
Parabacteroides	0	16	12	165	89	77	1	0	5	0	0	211	44	5	1	19	0	0	0	0	0	1	4	1	0
Paracoccidioides	0	0	0	1	0	0	0	0	0	0	0	0	0	0	0	0	0	0	0	0	0	0	0	0	0
Paracoccus	0	1	0	1	0	0	0	1	1	0	1	0	2	1	0	2	1	0	0	0	0	0	0	0	0
Pararhodospirillum	0	0	0	1	0	1	0	0	0	1	0	1	0	0	0	0	0	0	0	0	0	0	0	0	0
Parastagonospora	0	9	0	1	1	0	3	0	0	0	2	1	0	0	2	4	4	0	1	0	1	0	1	1	0
Parvibaculum	0	1	0	2	1	0	1	0	0	2	0	0	0	0	0	0	0	0	0	0	0	0	1	0	0
Pasteurella	0	0	0	0	566	13	0	21	0	0	0	0	0	0	0	0	0	0	0	0	3	0	0	0	0
Paulinella	0	0	0	0	23	0	6	0	0	0	0	0	0	0	5	0	0	0	0	0	0	0	4	0	0
Pectobacterium	1	13	0	2	63	0	0	0	1	0	0	0	0	0	5	0	0	0	1	5	0	0	0	0	0
Pediococcus	1	1	0	0	0	0	0	0	0	0	0	0	0	0	0	0	0	0	0	0	0	14	39	0	0
Pedobacter	0	0	0	1	0	14	2	0	0	0	0	0	11	1	0	0	0	0	0	0	0	0	23	0	10
Pelobacter	0	0	0	0	14	0	0	0	0	0	0	0	0	0	0	0	0	0	0	0	0	0	1	0	0
Pelodictyon	0	0	0	0	0	0	0	0	0	1	0	0	0	0	0	0	0	0	0	0	0	0	0	0	0
Peptoclostridium	0	256	219	1147	59133	651	42	330	9	9	41	330	3340	19	765	0	225	1	122	20	0	647	5077	49	21
Phaeodactylum	0	25	15	54	50	164	147	18	44	16	29	5	4	0	0	0	10	0	0	2	57	1	0	3	1
Phanerochaete	0	0	0	0	0	0	0	0	1	0	0	0	0	0	0	0	0	0	0	0	0	0	0	0	0
Phenylobacterium	0	2	2	1	0	1	0	0	0	0	0	1	7	0	0	0	0	0	0	0	0	0	0	1	0
Phytophthora	0	2	4	0	3	9	8	1	7	34	2	5	33	4	4	3	7	2	3	1	10	1	25	4	6
Pirellula	0	1	0	0	0	0	0	0	0	0	0	0	0	0	0	0	0	0	0	2	0	0	0	0	0
Plasmodium	0	0	0	0	0	1	0	0	0	0	0	0	1	0	1	0	0	0	0	0	0	0	0	0	1
Plesiocystis	0	0	0	4	0	0	0	0	0	0	0	0	0	0	0	0	0	0	0	0	0	0	0	0	0
Polaromonas	0	0	0	8	243	2	10	80	1	5	0	0	2	0	1	0	11	0	1	0	0	1	1	2	0
Polymorphum	0	0	0	0	0	0	0	0	0	0	1	1	0	0	0	0	0	0	0	0	0	3	0	0	0
Polynucleobacter	0	0	0	1	40	0	0	1	0	0	0	0	0	0	4	0	0	0	0	0	0	0	0	0	0
Polyomavirus	0	0	0	0	0	0	0	0	0	1	0	0	0	0	14	0	0	0	0	0	0	3	0	0	11
Porphyra	0	0	6	0	1	0	0	0	0	0	0	5	0	0	0	0	0	0	0	0	0	0	1	0	1
Porphyromonas	0	1	5	460	20	79	0	8	0	0	0	70	16	1	19	3	2	2	39	12	15	0	904	12	1
Prevotella	1	3	734	14874	55	2	8	154	0	6	50	2	275	2	11190	30	2	10	0	812	47	9	11530	10	14
Prochlorococcus	0	0	0	0	2	1	0	0	0	0	0	0	0	0	1	0	0	0	0	0	0	0	1	0	0
Propionibacterium	261	350	360	99	415	543	413	746	349	258	310	718	288	589	1535	273	758	822	258	541	717	942	531	347	393
Prosthecochloris	0	0	0	1	0	1	0	0	0	0	0	0	1	0	0	0	0	0	0	0	0	0	1	0	0
Proteus	0	0	0	0	0	0	0	0	0	0	0	0	0	0	0	0	1	0	0	0	0	0	0	0	0
Providencia	0	400	0	0	24	0	0	0	0	0	0	0	0	43	0	0	0	0	0	0	0	0	0	0	0
Pseudoalteromonas	0	0	0	0	0	0	0	0	0	0	0	0	0	0	1	0	0	0	0	1	0	0	0	1	0
Pseudoflavonifractor	0	33	24	4462	1929	912	53	9	1	0	5	231	340	15	120	1	3	19	33	0	2	226	1906	42	37
Pseudogulbenkiania	0	0	8	39	260	32	5	9	2	2	0	3	0	0	1	3	6	3	0	1	0	16	20	13	11
Pseudomonas	120	44159	27279	15155	45133	45468	134671	43048	30901	48956	43102	56467	62101	14189	50895	19900	25297	16692	24855	11771	27657	62959	16817	19714	24619
Pseudonocardia	0	0	0	0	0	12	0	0	0	0	0	0	0	0	0	0	0	0	0	6	0	0	0	2	0
Pseudopedobacter	0	0	0	1	0	0	0	1	0	0	0	0	0	0	8	0	0	0	0	0	0	0	6	0	0
Pseudovibrio	0	0	0	0	1	0	0	1	0	0	0	0	0	0	0	0	0	0	0	0	0	0	2	7	0
Pseudoxanthomonas	0	1	0	0	7	3	1	1	0	3	1	1	1	1	1	1	0	0	1	3	0	1	0	3	0
Psychrobacter	1	1	0	0	0	1	3	0	0	0	0	0	0	0	7	0	3	3	0	3	0	2	3	1	0
Psychromonas	0	0	0	0	0	0	0	0	0	0	0	0	0	0	0	0	0	0	0	0	0	0	7	0	0
Puccinia	4	9	311	13	4	12	55	29	2	6	4	17	14	14	78	13	56	95	145	58	23	40	44	81	10
Punalikevirus	0	0	0	0	0	0	0	0	0	0	0	0	0	0	0	0	0	0	0	0	0	0	0	1	1
Pusillimonas	0	0	0	25	76	0	0	0	0	0	0	0	0	0	0	0	0	0	0	0	0	0	34	0	0
Pycnococcus	0	0	0	24	157	35	0	9	0	0	0	1	10	0	1	2	1	0	0	0	0	0	10	0	1
Pyramimonas	0	0	0	0	0	0	0	9	0	0	0	0	0	0	0	0	0	0	0	0	0	9	0	0	0
Pyrenophora	0	0	0	0	0	0	1	0	0	0	0	0	0	1	0	0	0	0	0	0	0	0	0	0	0
Rahnella	3	0	0	0	18	15	0	1	0	0	0	1	0	0	3	0	3	4	0	0	0	1	30	0	1
Ralstonia	6	71	112	91	1727	237	190	527	38	52	70	71	89	67	245	55	274	36	48	97	103	265	122	98	63
Ramlibacter	0	0	0	3	330	3	0	11	0	1	0	1	0	0	0	0	0	0	0	2	6	1	8	0	0
Reclinomonas	0	0	0	2	2	0	0	1	0	0	0	0	4	0	0	0	0	0	0	0	1	1	10	0	0
Renibacterium	0	152	28	0	0	65	0	5	70	0	63	160	0	8	422	78	207	42	139	182	170	684	161	73	86
Rhizobium	0	1	3	2	0	0	1	16	6	1	2	2	2	0	10	0	14	2	0	1	0	3	2	4	9
Rhizopus	0	0	0	0	1	0	0	0	0	0	0	0	0	0	0	0	0	0	0	0	0	0	0	0	2
Rhodobacter	0	11	0	2	0	19	5	0	0	0	1	2	0	0	1	0	1	0	0	1	0	0	11	3	1
Rhodococcus	4	24	22	5	22	40	74	32	42	3	48	10	14	2	18	0	13	24	8	3	34	21	6	0	1
Rhodoferax	0	0	0	0	1	0	1	5	0	1	0	0	1	0	0	0	0	1	0	0	0	0	0	0	0
Rhodomicrobium	0	1	0	0	0	0	0	0	0	0	0	0	0	0	0	0	0	0	0	0	0	0	0	0	0
Rhodomonas	0	0	0	0	10	0	0	0	0	0	0	0	0	0	0	0	0	0	0	0	0	0	0	0	0
Rhodopirellula	0	0	0	0	0	0	0	0	0	0	0	0	0	0	0	0	0	0	0	1	0	0	1	0	0
Rhodopseudomonas	0	189	51	105	28	18	1	16	25	25	49	109	145	13	15	26	64	16	14	42	17	23	12	62	3
Rhodospirillum	0	0	0	5	0	0	0	0	0	0	2	1	0	0	2	1	0	0	1	0	1	0	0	1	0
Rhodothermus	0	0	0	1	0	0	0	0	0	0	0	0	0	0	0	0	0	0	0	0	0	0	3	0	0
Rickettsia	0	23	6	14	15	23	53	16	6	33	4	26	38	9	41	3	9	20	5	4	12	25	2	0	5
Riemerella	0	0	0	16	0	12	5	0	0	0	8	0	0	0	108	0	0	0	0	0	0	106	0	1	0
Roseburia	0	760	191	752	8057	56657	109	174	7	30	3	284	836	3	1054	276	10	95	49	12	0	1510	2828	192	0
Roseiflexus	0	0	0	0	0	0	0	0	0	0	0	0	0	0	0	0	0	0	0	0	0	0	1	0	0
Roseobacter	0	1	1	0	1	2	2	0	0	1	2	0	1	0	0	0	0	0	1	0	0	0	2	1	1
Roseovarius	0	0	0	0	0	0	0	0	0	0	0	0	1	0	0	0	0	0	0	0	0	0	0	0	0
Rothia	3	1	2	22	29	23	11	148	0	5	175	18	60	54	136	2	37	25	2	58	13	21	167	21	4
Rubinisphaera	0	0	0	0	0	0	0	0	0	0	0	0	0	0	0	0	0	1	0	0	0	0	0	0	0
Rubrivivax	0	1	0	1	423	6	0	59	0	0	1	1	0	1	1	1	0	0	0	6	0	1	0	0	3
Rubrobacter	0	0	0	12	9	0	0	0	0	0	0	0	1	0	3	0	0	0	0	0	0	0	335	0	0
Ruegeria	0	0	0	0	0	0	0	0	0	0	0	1	0	0	5	0	0	0	0	0	0	0	0	2	0
Ruminiclostridium	0	0	0	631	273	70	11	0	0	0	0	49	7	0	112	0	0	0	0	8	0	0	258	0	0
Ruminococcus	1	39	305	10803	68676	12915	236	2178	10	43	4	460	5965	5	60	2	168	3	1	120	26	83	6197	84	72
Runella	0	0	0	0	0	0	0	0	0	0	0	0	0	0	0	0	0	0	0	0	0	0	1	0	0
Saccharomonospora	0	0	0	0	0	0	0	0	0	0	0	0	0	0	1	0	0	0	0	0	0	0	0	0	0
Saccharomyces	70	262	144	87	164	176	363	209	161	200	197	318	331	154	140	189	215	187	252	95	333	172	125	169	182
Saccharophagus	0	0	0	0	1	0	0	0	0	0	0	0	0	0	0	0	0	0	0	0	0	0	1	0	0
Saccharopolyspora	0	0	2	0	0	0	0	0	0	0	0	0	0	0	0	0	0	4	0	0	0	0	0	0	0
Sagittula	0	0	0	1	0	0	0	0	0	0	0	0	1	0	0	0	0	0	0	0	0	0	0	0	0
Salinispora	0	0	0	0	0	0	0	0	0	0	0	0	0	0	0	0	0	0	0	0	0	0	2	0	0
Salmonella	0	6	2	3	44	4	1	5	3	2	1	6	1	3	4	9	3	2	1	5	2	0	311	1	0
Salpingoeca	0	7	6	6	8	8	9	14	7	3	6	16	9	5	1	10	6	14	4	6	8	7	6	13	8
Sanguibacter	0	0	1	0	0	0	0	0	0	0	0	0	0	0	0	0	0	0	0	0	1	0	0	19	2
Schizosaccharomyces	0	1	1	0	0	0	0	0	2	0	0	0	0	0	1	0	0	1	2	0	0	0	0	1	0
Sclerotinia	0	0	0	0	0	0	0	0	0	0	0	0	0	0	0	0	1	1	0	0	0	0	0	0	0
Sebaldella	0	0	0	0	5	0	0	0	0	0	0	0	0	0	9	0	0	0	0	0	0	0	0	0	0
Selenomonas	0	0	1	315	506	25	0	15	0	0	1	0	28	35	14477	46	9	32	30	439	24	2	33300	46	53
Serratia	0	0	0	0	1	0	1	0	1	0	0	0	1	0	18	0	0	0	0	0	1	1	0	1	0
Shewanella	0	1	0	0	7	6	0	2	0	0	0	2	4	2	0	0	0	1	1	0	3	0	1	0	1
Shigella	8	213	51	4	1116	140	2	10435	3	0	0	4	39	64	8	352	361	157	0	164	159	0	300	198	161
Shimwellia	0	0	1	0	0	0	0	0	0	0	0	0	0	0	1	0	0	0	0	0	0	0	0	0	0
Sideroxydans	0	1	0	0	2	0	0	0	0	0	0	0	0	0	0	0	0	0	0	0	0	0	0	0	0
Simkania	0	0	0	0	0	0	0	0	0	0	1	0	0	0	0	0	0	0	0	0	0	0	3	0	0
Simplexvirus	0	0	0	0	0	0	0	0	0	0	0	0	0	0	18	0	1	0	0	1	0	1	0	0	5
Sinorhizobium	0	5	1	0	0	3	2	2	0	0	0	0	1	0	0	0	4	0	0	2	0	8	1	0	1
Skunalikevirus	0	0	0	0	0	0	0	0	0	2	0	0	0	0	2	0	0	6	0	0	0	0	1	0	0
Slackia	0	0	19	0	399	853	18	0	0	0	0	0	0	0	192	0	0	0	0	0	0	0	78	0	0
Solibacillus	0	0	0	0	0	0	0	0	0	0	0	0	0	0	2	0	0	0	0	0	0	0	0	0	0
Sordaria	1	1962	970	1851	11311	3398	5636	2596	1102	1591	1361	2262	2937	637	3640	952	1436	587	1291	778	1151	5245	5121	777	991
Sphaerobacter	0	1	0	0	0	0	0	0	0	0	0	0	0	0	0	0	0	0	0	1	0	0	0	0	0
Sphaerochaeta	0	0	0	0	0	0	0	0	0	0	0	0	0	0	0	0	0	0	0	0	0	0	1	0	0
Sphaeroforma	0	3	4	4	2	4	4	3	6	3	2	0	10	4	2	0	2	2	1	2	8	1	5	5	2
Sphingobacterium	0	0	0	0	7	0	0	0	0	0	0	0	0	0	0	0	0	5	0	0	0	0	0	0	0
Sphingobium	0	162	96	80	4	25	7	12	16	17	83	95	169	8	60	6	49	2	9	23	20	23	8	96	0
Sphingomonas	0	131	50	54	4	10	34	8	21	14	32	52	98	11	6	5	52	10	25	29	3	49	12	40	15
Sphingopyxis	0	64	23	37	10	1	18	8	18	15	23	14	45	0	38	2	9	6	15	0	6	2	11	27	8
Spirochaeta	0	0	2	10	35	13	1	0	0	0	0	0	0	0	0	0	0	0	0	0	0	0	4	0	0
Spirosoma	0	0	0	1	0	1	0	0	0	0	0	0	0	0	0	0	0	0	0	1	1	0	1	0	0
Sporisorium	0	9	4	0	0	4	4	4	6	5	1	2	7	2	1	9	6	1	6	0	2	3	9	5	13
Staphylococcus	96	15	25	30	118	211	115	7992	18	41	44	126	64	42	169	15	57	82	25	61	141	159	116	72	78
Starkeya	0	0	0	0	0	0	0	0	0	0	0	2	1	0	0	0	0	0	13	0	1	0	0	0	0
Stenotrophomonas	8	17	6	6	6	28	9	11	26	10	28	18	14	7	574	13	23	103	8	36	17	57	15	46	41
Stigmatella	0	0	0	0	0	0	0	0	1	1	0	0	0	0	0	0	0	0	0	1	0	0	0	0	0
Streptobacillus	0	0	0	1	1	0	0	0	0	0	0	0	0	0	0	0	0	0	0	0	0	0	0	10	0
Streptococcus	29	627	199	1357	1130	5290	67	213	195	26	529	70	1857	133	2904	28	83	113	1048	142	47	470	700	108	55
Streptomyces	0	0	0	0	0	14	1	7	2	10	2	0	2	0	3	0	6	2	0	0	2	0	20	12	1
Streptosporangium	0	0	0	0	1	0	0	0	0	0	0	0	0	0	0	0	3	0	0	0	0	0	0	1	0
Sulfurihydrogenibium	0	0	0	0	0	1	0	2	0	0	0	0	0	0	1	0	0	0	0	0	0	0	0	0	0
Sulfurospirillum	0	0	0	0	0	0	0	0	0	0	0	0	1	0	0	0	0	0	0	0	0	0	0	0	4
Synechococcus	0	0	0	1	2	0	0	0	0	0	0	0	2	0	0	0	0	0	0	0	0	0	2	0	0
Syntrophobotulus	0	0	0	1	0	1	7	0	0	0	0	0	0	0	0	0	0	0	0	0	0	0	0	0	0
Syntrophomonas	0	0	0	0	0	0	0	0	0	0	0	0	0	0	0	0	0	0	0	0	0	0	14	0	0
Syntrophothermus	0	0	0	0	0	0	0	0	0	0	0	1	0	0	0	0	0	0	0	0	0	0	0	0	0
Syntrophus	0	0	0	3	69	1	0	1	0	0	0	0	0	0	0	0	0	0	0	0	0	0	0	0	0
Talaromyces	10	242	0	1	3	52	10	16	17	0	13	27	4	1	13	7	20	8	3	6	2	0	0	4	11
Tannerella	0	0	0	0	0	15	0	1	0	0	0	0	0	0	1	0	0	0	0	0	0	1	16	0	0
Taylorella	0	0	0	0	25	0	0	0	0	0	0	0	0	0	0	0	0	0	0	0	0	0	0	0	0
Tepidanaerobacter	0	0	0	6	2	2	0	0	0	0	0	0	2	0	0	0	0	0	0	0	0	0	3	0	0
Terriglobus	0	0	0	0	0	0	0	0	0	0	0	1	0	0	0	0	0	0	0	0	0	0	0	0	4
Tetragenococcus	0	0	0	0	0	0	0	0	0	0	0	0	1	0	0	0	0	0	0	0	0	0	0	0	0
Thalassiosira	0	2	1	17	18	2	6	9	0	1	35	49	3	10	5	10	0	4	9	0	3	4	28	25	13
Thauera	0	0	0	0	0	20	0	0	1	1	0	1	0	0	0	0	0	0	0	0	0	1	0	0	0
Thecamonas	0	6	3	2	2	4	0	3	4	4	0	1	4	1	1	5	8	6	7	2	12	1	1	10	7
Theileria	0	0	0	0	0	0	0	0	0	0	0	0	0	0	0	0	0	0	0	0	3	0	1	0	0
Thermacetogenium	0	0	0	0	0	0	0	0	0	0	0	0	0	0	0	0	0	0	0	0	0	0	3	0	0
Thermaerobacter	0	0	0	0	0	0	0	0	0	0	0	0	0	0	0	0	0	0	0	0	0	0	3	0	0
Thermanaerovibrio	0	0	0	0	0	0	0	0	0	0	0	0	0	0	0	0	0	0	0	0	0	0	245	0	0
Thermincola	0	0	0	0	3	37	0	0	0	0	0	0	0	0	0	0	0	0	0	0	0	0	6	0	0
Thermoanaerobacter	0	0	0	2	153	0	0	0	0	0	0	0	30	0	1	1	0	0	0	0	0	0	24	0	0
Thermoanaerobacterium	0	0	1	253	82	13	0	0	0	0	4	12	28	0	0	0	0	0	0	0	0	0	57	0	0
Thermobispora	0	0	0	0	0	0	0	0	0	0	0	0	0	0	0	0	0	0	0	1	0	1	0	0	0
Thermodesulfobacterium	0	0	0	0	0	0	0	0	0	0	0	0	0	0	0	0	0	0	0	1	0	0	0	0	0
Thermodesulfobium	0	0	0	0	1	0	0	0	0	0	0	0	0	0	0	0	0	0	0	0	0	0	0	0	0
Thermodesulfovibrio	0	0	0	0	0	0	0	0	0	0	0	0	0	0	1	0	0	0	0	0	0	0	2	0	0
Thermomonospora	0	0	0	0	0	0	1	0	0	0	0	0	0	0	0	0	0	0	0	0	0	0	0	0	0
Thermosediminibacter	0	0	0	1	0	0	0	0	0	0	0	0	2	0	0	0	0	0	0	0	0	0	9	0	0
Thermosinus	0	0	0	3	6	156	0	0	0	0	0	0	0	0	232	0	0	0	0	101	0	0	103	0	0
Thermosynechococcus	0	0	0	0	0	1	0	0	0	0	0	0	1	0	0	0	0	0	0	0	0	0	4	0	0
Thermotoga	0	0	0	0	0	0	0	0	0	0	0	0	0	0	0	0	0	0	0	0	0	0	0	0	1
Thermovirga	0	0	0	5	0	0	0	0	0	0	0	0	0	0	0	0	0	0	0	0	0	0	54	0	0
Thermus	0	0	0	0	1	0	0	2	1	0	0	2	0	3	4	0	46	0	2	1	4	9	23	2	0
Thielavia	0	0	2	3	0	0	9	0	0	0	0	2	1	0	0	0	0	1	0	1	1	0	0	2	0
Thioalkalivibrio	0	1	0	0	44	1	0	3	1	0	2	1	0	0	0	0	1	0	0	1	0	0	0	1	0
Thiobacillus	0	0	4	1	2631	69	0	40	0	0	0	0	0	0	5	0	19	1	0	0	0	0	0	0	3
Thiomonas	0	1	5	0	10	0	0	0	0	0	1	0	0	1	0	1	9	0	9	1	1	26	10	3	8
Tistrella	0	9	0	0	5	1	0	6	0	0	1	3	3	0	0	0	0	0	0	0	1	0	0	0	0
Tolumonas	0	0	0	0	0	9	6	1	0	0	0	1	1	3	2	1	2	1	1	1	3	1	0	1	4
Tremella	0	0	0	0	0	1	0	0	0	0	0	0	0	0	0	0	0	0	0	0	0	0	0	0	0
Treponema	0	0	22	0	3	2	0	1	0	0	0	0	0	0	4412	27	4	1	1	4	9	0	25	4	7
Trichoderma	0	0	0	0	0	0	0	0	0	0	1	0	1	0	0	0	1	0	0	0	1	0	0	0	0
Trichophyton	0	0	0	0	1	6	0	3	0	0	0	1	0	0	0	0	0	0	0	0	1	2	0	0	1
Tropheryma	0	0	0	2	1	0	0	0	0	0	0	0	0	0	3	0	0	0	0	0	0	0	1	0	0
Tsukamurella	0	0	1	0	0	0	0	0	0	0	0	0	0	0	0	0	0	0	0	0	0	0	0	0	0
Turneriella	0	0	0	0	0	0	0	1	0	0	0	0	0	0	0	0	0	0	0	0	0	0	1	0	0
Unclassified	4	2131	193	5261	28354	3825	150	1012	2	67	33	168	2790	285	1097	10	201	107	505	94	67	168	42283	199	62
Ustilago	0	0	1	0	0	0	0	1	0	0	1	0	0	0	0	1	1	0	0	0	1	0	0	0	0
Variovorax	0	0	1	0	8	27	12	1	0	0	0	5	0	0	13	2	31	11	1	25	0	10	0	1	11
Vaucheria	0	0	0	0	0	0	0	0	0	0	4	0	0	0	0	0	0	0	0	0	0	0	0	0	0
Veillonella	1	1	28	457	229	237	10	51	231	0	22	8	291	11	53	2	14	5	1	5	4	26168	201	30	2
Verminephrobacter	0	0	0	0	4784	36	1	544	0	1	0	0	0	0	0	0	0	1	0	0	0	0	17	1	2
Verrucosispora	0	0	0	0	0	0	0	0	0	0	0	0	0	0	0	0	0	0	0	0	0	0	1	5	0
Vibrio	0	0	8	2	179	0	13	0	0	0	0	0	0	0	0	0	0	0	1	0	0	0	0	1	0
Weeksella	0	1	0	24	0	0	0	0	0	0	0	0	0	0	23	0	0	0	0	0	0	0	13	0	0
Weissella	0	0	0	13	27	0	0	0	0	0	0	0	0	0	0	0	0	0	0	0	0	0	21	0	0
Wolbachia	0	0	0	0	0	0	0	0	0	0	0	0	0	0	0	0	1	0	0	0	0	0	0	0	0
Xanthobacter	0	0	0	0	0	0	0	0	0	0	1	0	0	0	1	1	3	0	0	0	0	0	0	0	0
Xanthomonas	1	5	3	1	2	23	5	16	2	2	9	14	5	6	34	2	10	25	3	32	7	7	7	14	8
Xenorhabdus	0	0	0	0	0	0	0	0	0	0	0	0	0	7	0	0	0	0	0	0	0	0	0	0	0
Xylanimonas	0	0	0	0	0	0	0	0	0	3	0	0	0	0	0	0	0	0	0	1	0	0	0	1	0
Xylella	0	0	0	0	0	0	0	0	0	0	0	0	0	0	0	0	0	0	0	0	1	0	0	0	0
Yarrowia	0	0	0	0	0	0	0	0	0	0	0	0	0	0	1	0	0	0	0	0	0	0	0	0	0
Yersinia	0	0	0	28	1	0	0	0	0	0	0	0	0	1	0	0	0	0	0	0	0	0	75	0	0
Zobellia	0	1	0	0	0	0	0	0	0	0	0	0	0	0	0	0	0	0	0	0	0	0	0	0	0
Zunongwangia	0	0	0	0	0	0	0	0	0	0	0	0	0	0	35	0	0	0	0	0	0	0	0	0	0
Zygosaccharomyces	0	0	0	0	1	0	1	0	0	0	4	0	0	3	0	0	2	0	0	0	2	0	1	0	2
Zymomonas	0	0	0	0	0	0	1	0	0	0	0	1	3	0	0	0	1	1	1	0	0	2	0	0	0
