order	SRR317085	SRR317086	SRR317087	SRR317088	SRR317089	SRR317090	SRR317091	SRR317092	SRR317093	SRR317094	SRR317095	SRR317096	SRR317097	SRR317098	SRR317099	SRR317100	SRR317101	SRR317102	SRR317103	SRR317104	SRR317105	SRR317106	SRR317107	SRR317108	SRR317109
Acholeplasmatales	0	0	0	0	6	0	0	0	0	0	0	0	0	0	0	0	0	0	0	0	0	0	0	0	0
Acidithiobacillales	0	0	0	0	0	0	0	0	0	0	0	0	1	0	0	0	0	0	0	0	0	1	0	0	0
Acidobacteriales	0	0	1	1	0	0	0	0	0	0	0	1	1	0	0	0	0	0	0	0	1	0	1	0	4
Acidothermales	0	0	0	0	0	1	0	0	0	0	0	0	0	0	0	0	0	0	0	0	0	0	0	0	0
Actinomycetales	0	0	0	9	0	0	0	0	0	0	0	0	0	0	0	0	0	0	0	0	0	0	662	0	0
Aeromonadales	0	0	0	0	0	9	7	12	0	0	0	1	4	4	3	1	2	1	1	2	16	1	0	2	5
Agaricales	0	12	1	4	7	7	3	0	7	6	2	8	2	2	2	6	8	10	7	3	10	5	2	10	1
Alteromonadales	0	1	0	5	11	54	3	3	0	1	0	2	5	2	5	1	0	1	1	1	3	1	8	6	1
Aquificales	0	0	0	0	6	2	0	2	0	0	0	0	0	0	1	0	0	0	0	0	0	0	0	0	0
Archaeoglobales	0	0	0	0	0	0	0	0	0	0	0	0	0	0	0	0	0	0	0	0	0	0	0	0	1
Bacillales	97	44	41	1134	2304	618	131	8025	38	77	73	220	511	55	736	35	85	134	98	76	163	828	11083	131	107
Bacteroidales	1	34001	2327	58770	305203	50838	1648	7402	2239	784	551	1450	33779	7245	21962	1188	1794	630	10339	1573	658	156022	376207	1971	2589
Bacteroidetes Order II. Incertae sedis	0	0	0	1	0	0	0	0	0	0	0	0	0	0	0	0	0	0	0	0	0	0	3	0	0
Bangiales	0	0	6	0	1	0	0	0	0	0	0	5	0	0	0	0	0	0	0	0	0	0	1	0	1
Bicosoecida	0	0	0	6	105	36	0	21	0	0	0	0	0	0	0	0	1	0	0	1	0	0	8	0	0
Bifidobacteriales	0	2747	5	1754	646	932	4	7494	20	5	3	6	1	468	4	0	67	4	0	1333	1	0	1970	0	6
Blastocladiales	0	4	1	5	16	5	8	4	3	10	11	2	2	2	6	2	9	3	3	2	22	1	7	22	3
Bryopsidales	0	0	0	0	1	0	0	0	0	0	0	0	0	0	1	0	0	0	0	0	0	0	1	0	0
Burkholderiales	25	298	389	1005	38224	1941	1457	5351	378	320	271	418	784	163	909	231	753	263	179	412	449	521	953	360	261
Campylobacterales	0	10	6	22	72	16	5	6	6	2	8	9	14	4	308	8	10	83	607	4	10	41	88	5	6
Caudovirales	1891	204	259	465	317	231	9679	1911	258	43	273	631	2305	206	1779	251	1721	1063	43	721	1107	101	339	1424	2295
Caulobacterales	0	13	4	7	2	8	2	1	0	1	1	5	16	0	1	2	12	9	1	2	6	2	2	32	1
Cellvibrionales	0	0	0	0	1	0	1	0	1	0	0	0	0	0	0	0	0	1	0	0	0	0	1	0	0
Chattonellales	0	0	0	0	0	0	0	0	0	0	0	0	0	0	0	0	0	0	0	0	0	0	1	0	0
Chlamydiales	0	0	0	0	0	0	0	0	0	0	1	0	0	0	9	0	0	0	0	1	0	0	3	0	0
Chlorellales	0	0	1	0	0	1	0	0	0	0	0	0	0	0	1	0	0	0	0	0	0	0	21	0	0
Chlorobiales	0	0	0	1	0	2	0	0	0	1	0	0	1	0	0	0	0	0	0	0	0	0	6	0	0
Chloroflexales	0	0	0	0	0	0	0	0	0	0	0	0	0	0	0	0	0	0	0	0	0	0	1	0	0
Choanoflagellida	0	8	9	10	9	8	14	17	9	13	8	16	9	5	2	12	9	17	7	7	19	9	7	18	8
Chromatiales	0	2	0	0	53	1	0	3	1	0	2	1	0	0	0	0	2	0	0	1	0	0	2	1	0
Chroococcales	0	0	0	1	2	1	0	1	0	0	1	0	3	0	0	0	0	2	0	0	1	2	6	2	0
Chrysiogenales	0	0	0	0	0	0	0	0	0	0	0	0	0	0	0	0	0	0	0	0	0	1	0	0	0
Clostridiales	40	8996	2256	107851	1025969	183674	3797	14767	891	552	465	2814	41533	995	11665	837	2810	1175	7371	1007	209	47192	173587	3116	1092
Coriobacteriales	0	0	41	474	2901	731	35	38	1	1	1	70	1274	1	436	1	78	6	0	16	26	98	2185	72	0
Corynebacteriales	12	47	27	27	41	55	97	204	85	11	57	29	34	17	73	5	52	56	16	28	64	53	25	11	8
Cryptomonadales	0	0	1	1	22	0	0	0	0	0	0	0	2	0	0	0	0	1	0	0	0	0	13	0	0
Ctenocladales	0	0	0	0	12	1	0	0	0	0	1	0	0	0	0	0	0	0	0	0	0	0	159	0	1
Cyanidiales	0	0	0	22	265	34	0	16	0	0	0	0	2	0	0	0	0	0	0	4	0	1	13	0	1
Cytophagales	0	0	0	1	0	1	3	0	0	0	2	0	5	0	0	1	0	0	0	2	2	0	24	0	0
Deferribacterales	0	0	0	0	0	0	0	0	0	0	0	0	0	0	1	0	0	0	0	0	0	0	0	0	0
Deinococcales	0	1	0	9	0	0	0	6	0	0	0	0	0	0	0	0	0	0	0	0	0	1	0	1	0
Desulfarculales	0	0	0	2	0	0	0	0	0	0	0	0	0	0	0	0	0	0	3	0	0	0	2	0	0
Desulfobacterales	0	0	0	0	14	3	1	1	0	0	0	0	3	0	0	0	0	0	1	0	0	0	21	0	0
Desulfovibrionales	0	0	27	977	1048	235	35	0	0	0	0	225	241	0	235	6	16	18	45	0	1	0	7043	22	24
Desulfurellales	0	0	0	0	1	0	0	0	0	0	0	0	0	0	0	0	0	0	0	0	0	0	0	0	0
Desulfuromonadales	0	1	0	1	16	4	0	1	0	0	0	1	1	0	0	0	0	0	1	0	0	0	4	0	0
Dictyosteliida	0	0	0	1	0	1	0	0	1	0	0	0	0	0	0	0	3	0	0	0	0	0	0	1	0
Ectocarpales	0	0	0	0	0	0	0	0	0	0	0	0	0	0	0	0	0	0	0	0	0	0	8	0	0
Eggerthellales	0	0	19	134	1633	2196	18	1	0	0	0	55	329	0	455	0	23	12	3	2	0	26	691	31	32
Elusimicrobiales	0	0	0	0	0	1	0	0	0	0	0	0	0	0	0	0	0	0	0	0	0	0	0	0	0
Enterobacteriales	1622	7676	10464	1676	67703	14078	497	30950	6563	106	328	534	6543	2788	3915	11883	21196	9094	2323	4750	8645	4444	52663	10721	9887
Entomoplasmatales	0	0	0	0	4	0	0	0	0	0	0	0	0	0	0	0	0	0	0	0	0	0	0	0	0
Erysipelotrichales	4	2	40	364	6738	1499	8	63	9	14	3	57	162	0	20	0	26	12	0	1	3	39	1139	9	3
Eucoccidiorida	0	0	0	0	1	1	0	0	0	1	0	0	0	0	0	1	1	0	0	0	1	1	0	1	0
Euglyphida	0	0	0	0	23	0	6	0	0	0	0	0	0	0	5	0	0	0	0	0	0	0	4	0	0
Eurotiales	11	781	413	735	14445	2353	182	2716	220	66	62	158	348	79	357	518	164	70	81	81	97	164	4021	94	79
Flavobacteriales	5	3	2	82	7	15	30	2	1	3	17	4	9	0	284	0	2	6	0	1	7	117	40	3	2
Frankiales	0	1	0	0	0	0	0	0	0	0	0	0	0	0	0	0	5	0	0	0	0	0	0	3	0
Fusobacteriales	1586040	1585	124	714	2895	218	9	253	118	6	39	18	1	423	5419	105	122	459	1925	1372	106	14071	82906	74	53
Gallionellales	0	1	0	0	1591	0	0	164	0	0	0	0	0	0	0	0	0	0	0	0	0	0	0	0	0
Gemmatimonadales	0	0	0	0	0	1	0	0	0	0	0	0	0	0	0	0	0	0	0	0	0	0	2	0	0
Geodermatophilales	0	0	0	0	0	0	0	0	0	0	0	0	0	1	0	0	1	2	0	3	0	0	0	14	0
Gracilariales	0	0	0	2	88	18	0	0	0	0	4	0	12	0	0	0	0	0	0	0	0	0	13	0	0
Haemosporida	0	0	0	0	0	1	0	0	0	0	0	0	1	0	1	0	0	0	0	0	0	0	0	0	1
Halanaerobiales	0	0	0	0	0	0	0	0	0	0	0	11	0	0	0	0	1	0	1	0	0	0	0	0	0
Halobacteriales	0	0	0	0	0	0	0	0	0	0	0	1	0	0	0	0	0	0	0	0	0	0	0	0	0
Helotiales	3	1	0	1	1	3	0	1	0	21	0	1	11	1	1	2	3	1	1	0	2	0	0	14	9
Herpesvirales	0	0	0	0	0	0	0	5	0	3	0	0	0	0	50	0	1	1	0	1	0	1	1	0	29
Herpetosiphonales	0	0	0	0	0	0	0	0	0	0	0	0	0	0	0	0	0	0	0	0	0	0	0	10	0
Hydrogenophilales	0	0	4	1	2631	69	0	40	0	0	0	0	0	0	5	0	19	1	0	0	0	0	0	0	3
Hypocreales	10	3	4	0	2	2	3	10	4	2	3	4	2	19	2	11	2	5	12	0	5	2	0	4	1
Ichthyophonida	0	3	4	4	2	4	4	3	6	3	2	0	10	4	2	0	2	2	1	2	8	1	5	5	2
Ignavibacteriales	0	0	0	0	0	0	0	0	0	0	0	0	1	0	0	0	0	0	0	0	0	0	10	0	0
Isochrysidales	0	0	0	0	0	0	0	0	0	0	0	0	0	0	4	0	0	0	0	0	0	0	0	0	0
Kineosporiales	0	0	0	0	0	1	0	0	0	0	0	1	0	0	0	0	0	0	3	0	1	0	0	16	0
Lactobacillales	42	2175	496	2715	5656	7372	133	1833	382	44	538	153	3316	388	4211	71	154	131	1224	501	62	4609	14219	148	183
Legionellales	0	0	0	0	16	5	0	1	0	0	0	0	0	0	0	0	0	0	0	0	0	0	0	0	0
Lentisphaerales	0	0	0	1	0	0	0	0	0	0	0	0	0	0	0	0	0	0	0	0	0	0	0	0	0
Magnaporthales	0	0	1	0	0	1	1	1	0	0	0	1	0	0	0	0	0	1	0	1	2	2	1	0	0
Malasseziales	17	5	6	6	18	16	17	17	6	15	15	14	1	21	54	10	10	20	13	6	16	17	6	13	4
Mamiellales	0	0	1	0	0	0	0	0	1	0	0	0	0	1	0	1	0	1	0	0	0	1	0	0	0
Methanobacteriales	0	0	0	0	0	0	0	0	0	0	0	6	0	0	0	0	0	0	0	0	0	0	0	0	0
Methanopyrales	0	0	0	1	0	0	0	1	0	0	0	0	0	0	1	0	0	0	0	0	0	0	0	0	0
Methanosarcinales	0	0	0	0	0	0	0	0	0	0	0	3	0	0	0	0	0	0	0	0	0	0	0	0	0
Methylococcales	1	0	0	0	0	2	1	0	0	0	0	0	0	0	0	0	0	0	0	0	0	0	0	0	0
Methylophilales	1	0	0	0	12	28	0	16	0	2	0	0	0	1	1	2	0	0	0	0	0	0	1	0	0
Micrococcales	5	199	56	34	37	212	23	215	83	30	242	188	63	72	629	107	258	79	151	283	204	795	347	217	126
Micromonosporales	0	0	0	0	0	0	0	0	0	0	0	0	0	0	0	0	1	0	0	0	0	0	3	60	0
Mortierellales	0	1	2	0	4	0	2	0	3	11	0	0	2	1	1	1	1	0	0	1	0	2	1	1	3
Mucorales	0	0	0	1	4	2	1	1	0	3	1	0	3	1	1	9	0	1	3	0	4	0	2	2	3
Mycoplasmatales	0	0	0	8	7	0	0	0	0	0	0	0	1	0	0	0	0	0	0	0	0	2	4	0	0
Myxococcales	0	0	1	4	0	0	0	0	1	1	0	0	0	0	7	0	0	0	0	1	0	0	1	1	0
Nakamurellales	0	0	0	0	0	0	0	0	0	0	0	1	0	0	0	0	1	0	0	0	0	0	0	1	0
Natranaerobiales	0	0	0	0	0	0	0	0	0	0	0	0	0	0	3	0	0	0	0	0	0	0	12	0	0
Natrialbales	0	0	1	0	0	0	0	0	0	0	0	0	0	0	0	0	0	0	0	0	0	0	0	0	0
Nautiliales	0	0	0	1	0	3	0	0	0	0	0	0	0	0	0	0	0	0	0	0	0	0	14	0	0
Naviculales	0	25	15	54	50	164	147	18	44	16	29	5	4	0	0	0	10	0	0	2	57	1	0	3	1
Neisseriales	6	13	20	435	3783	792	20	177	15	33	169	20	12	22	66	5	29	37	18	31	38	23	453	32	22
Nitrosomonadales	0	0	0	26	926	38	8	179	0	1	0	2	0	0	0	0	11	0	1	8	0	0	29	0	0
Nitrospirales	0	0	0	2	0	1	0	0	0	0	0	0	0	0	1	0	0	0	0	0	0	0	20	0	0
Nostocales	0	0	0	0	0	0	0	2	0	0	0	9	0	0	0	0	1	0	1	0	0	0	0	0	0
Oceanospirillales	0	1	1	1	3	1	0	13	0	0	0	0	2	0	2	2	0	0	1	0	0	1	2	1	0
Onygenales	0	149	20	86	143	107	18	40	42	16	23	41	41	8	126	33	8	17	42	84	9	13	238	8	6
Oscillatoriales	0	0	1	0	0	0	0	0	0	3	0	0	0	0	0	0	1	0	0	0	0	0	1	0	0
Pasteurellales	2	2	7	728	2898	387	1	84	92	5	36	10	504	7	34	1	11	23	1	10	26	138	299	37	4
Pelagibacterales	0	9	0	8	0	0	15	0	0	2	0	9	17	3	8	0	6	0	0	0	8	17	14	0	1
Pelagomonadales	0	0	0	7	19	4	0	1	0	0	0	8	0	0	28	0	0	0	0	0	0	1	54	0	0
Peronosporales	0	4	5	18	15	11	71	23	11	35	2	19	35	6	16	4	15	2	7	2	18	51	71	4	21
Petrotogales	0	0	0	0	0	0	0	0	0	0	0	0	0	0	0	0	0	0	0	0	0	0	1	0	0
Planctomycetales	0	1	0	0	9	21	0	1	11	0	0	0	0	0	0	0	0	1	0	4	0	1	1	0	0
Pleosporales	0	9	0	1	1	0	4	0	0	0	2	1	0	1	2	4	4	0	1	0	1	0	1	1	0
Pleurocapsales	0	0	0	0	0	0	0	0	0	0	1	0	0	0	0	0	0	0	0	0	0	0	0	0	0
Polyporales	0	0	0	0	0	0	0	0	1	0	0	0	0	0	0	0	0	0	0	0	0	0	0	0	0
Prochlorales	0	0	0	0	2	1	0	0	0	0	0	0	0	0	1	0	0	0	0	0	0	0	1	0	0
Propionibacteriales	261	350	361	99	415	543	413	748	349	260	311	718	288	589	1536	273	764	822	258	541	717	944	532	379	394
Pseudomonadales	141	44222	27290	15176	45185	45547	134805	43157	30928	48972	43123	56793	62153	14219	50983	19919	25503	16775	24868	11822	27716	63022	16849	19728	24634
Pseudonocardiales	0	0	2	0	0	12	1	0	0	0	0	0	0	0	1	0	0	4	0	6	0	0	0	9	0
Pucciniales	4	9	311	13	4	12	55	29	2	6	4	17	14	14	78	13	56	95	145	58	23	40	44	81	10
Pyramimonadales	0	0	0	0	0	0	0	9	0	0	0	0	0	0	0	0	0	0	0	0	0	9	0	0	0
Pyrenomonadales	0	0	0	0	10	0	0	0	0	0	0	0	1	0	0	0	0	0	0	0	0	0	0	0	0
Rhizobiales	3	578	163	343	377	166	257	190	221	81	193	472	436	44	912	106	481	104	121	148	263	648	278	193	163
Rhizophydiales	0	4	2	0	5	5	2	2	7	6	2	4	3	0	2	0	3	3	1	1	4	0	0	3	1
Rhodobacterales	0	16	2	20	36	21	8	8	2	2	4	6	6	2	7	2	2	0	1	1	2	0	22	13	2
Rhodocyclales	0	0	0	20	122	28	1	1	2	1	0	2	0	0	0	0	0	0	0	5	2	1	0	0	1
Rhodospirillales	0	12	19	6	59	50	77	9	26	11	3	54	39	12	176	27	62	19	41	56	40	246	64	25	26
Rickettsiales	0	23	6	14	15	23	53	16	6	33	5	26	38	9	41	3	11	20	5	4	12	25	2	0	5
Rubrobacterales	0	0	0	12	9	0	0	0	0	0	0	0	1	0	3	0	0	0	0	0	0	0	335	0	0
Saccharomycetales	81	264	145	94	177	178	371	216	166	203	201	324	337	158	145	189	219	192	256	95	342	178	131	175	186
Schizosaccharomycetales	0	1	1	0	0	0	0	0	2	0	0	0	0	0	1	0	0	1	2	0	0	0	0	1	0
Selenomonadales	1	2	44	897	746	919	10	68	231	0	24	8	344	46	14851	63	23	37	31	545	28	26175	33873	76	55
Solirubrobacterales	0	0	0	0	0	0	0	1	0	0	0	1	0	0	0	0	1	0	0	0	0	0	1	2	0
Sordariales	1	1962	972	1854	11311	3398	5646	2596	1102	1591	1361	2266	2938	637	3640	952	1436	588	1291	779	1152	5245	5121	781	991
Sphaerobacterales	0	1	0	0	0	0	0	0	0	0	0	0	0	0	0	0	0	0	0	1	0	0	0	0	0
Sphingobacteriales	0	0	0	5	8	14	2	1	0	0	0	0	11	1	8	0	0	5	0	0	0	0	29	6	10
Sphingomonadales	0	457	212	222	24	58	62	35	75	49	164	235	388	24	118	16	133	30	56	58	30	83	46	199	33
Spirochaetales	0	0	24	10	42	15	1	1	0	0	0	2	0	0	4412	27	4	1	1	4	9	0	30	4	7
Streptomycetales	0	0	0	0	7	14	1	7	2	10	2	0	2	0	3	0	6	2	0	0	2	0	20	12	1
Streptosporangiales	1	0	0	4	1	0	1	0	0	0	0	0	0	0	5	0	3	0	0	0	0	0	0	1	0
Synergistales	0	0	0	15	0	0	0	0	0	0	0	0	0	0	0	0	0	0	0	0	0	0	810	0	0
Syntrophobacterales	0	0	0	3	69	1	0	1	0	0	0	0	0	0	0	0	0	0	0	0	0	0	0	0	0
Synurales	0	0	0	0	0	0	0	0	0	0	0	0	0	0	1	0	0	0	0	0	0	0	0	0	0
Thalassiosirales	0	2	1	17	18	2	6	9	0	1	35	49	3	10	5	10	0	4	9	0	3	4	28	25	13
Thermales	0	0	0	0	1	0	0	2	2	0	0	3	0	3	4	0	46	0	2	1	6	10	78	2	0
Thermoanaerobacterales	0	4	1	313	507	116	5	2	0	0	4	12	101	0	30	1	0	0	0	2	0	2	122	1	0
Thermodesulfobacteriales	0	0	0	0	0	0	0	0	0	0	0	0	0	0	0	0	0	0	0	1	0	0	0	0	0
Thermotogales	0	0	0	1	0	0	0	0	0	0	0	0	0	0	0	0	0	0	0	0	0	0	13	0	1
Thiotrichales	0	3	1	0	2	2	22264	7	249	1203	4326	12592	2	5	25299	0	13	3	0	0	76	6	7	104	0
Tissierellales	2	0	1	151	40	34	0	39	0	0	0	3	1	3	1	0	4	0	2	37	1	2	553	0	0
Tremellales	0	0	0	0	0	1	0	0	0	0	1	0	0	0	0	0	3	0	0	0	0	0	0	0	0
Unclassified	10	12	5	46	376	58	5	43	6	22	7	19	26	4	44	12	9	7	11	5	25	78	129	26	37
Ustilaginales	0	9	5	0	0	4	4	5	6	5	2	2	7	2	1	10	7	1	6	0	3	3	9	5	13
Vaucheriales	0	0	0	0	0	0	0	0	0	0	4	0	0	0	0	0	0	0	0	0	0	0	0	0	0
Verrucomicrobiales	0	0	0	2895	0	0	205	168	0	61	0	579	0	0	0	0	0	21	43	3	50	0	2056	0	0
Vibrionales	0	0	8	2	179	37	13	0	0	0	0	0	11	0	0	0	0	0	1	0	0	0	5	1	0
Xanthomonadales	9	23	9	7	18	67	15	28	28	15	38	33	21	14	609	16	33	128	12	72	25	65	22	64	49
