order	MMRS11288076ST	MMRS11664448ST	MMRS11932626ST	MMRS12272136ST	MMRS14379078ST	MMRS14602194ST	MMRS15137911ST	MMRS16644320ST	MMRS17603756ST	MMRS17963147ST	MMRS18295921ST	MMRS20257302ST	MMRS21365932ST	MMRS24340226ST	MMRS25211151ST	MMRS25641480ST	MMRS29805707ST	MMRS31306426ST	MMRS32573774ST	MMRS33294861ST	MMRS34525504ST	MMRS34569532ST	MMRS35808664ST	MMRS36405092ST	MMRS38861560ST	MMRS38954404ST	MMRS39415781ST	MMRS39582183ST	MMRS40913371ST	MMRS41266697ST	MMRS41711735ST	MMRS42570301ST	MMRS42780924ST	MMRS43563715ST	MMRS43939546ST	MMRS44197125ST	MMRS44203591ST	MMRS44587603ST	MMRS47662059ST	MMRS47685461ST	MMRS48639115ST	MMRS51307502ST	MMRS51410669ST	MMRS51728985ST	MMRS51737257ST	MMRS54246132ST	MMRS54316675ST	MMRS55294627ST	MMRS56137463ST	MMRS57276462ST	MMRS57569834ST	MMRS59699117ST	MMRS61683006ST	MMRS62192467ST	MMRS62376181ST	MMRS62666492ST	MMRS64281211ST	MMRS64281551ST	MMRS65205033ST	MMRS65742083ST	MMRS65862658ST	MMRS65945127ST	MMRS66868025ST	MMRS67096717ST	MMRS67690541ST	MMRS68630931ST	MMRS68910755ST	MMRS71238091ST	MMRS71762412ST	MMRS72802364ST	MMRS72980899ST	MMRS73787048ST	MMRS77018926ST	MMRS77321055ST	MMRS77487595ST	MMRS78791111ST	MMRS79893829ST	MMRS80093644ST	MMRS81130264ST	MMRS81135225ST	MMRS81671217ST	MMRS84085284ST	MMRS84159866ST	MMRS84954772ST	MMRS85382779ST	MMRS85438660ST	MMRS85548821ST	MMRS86168210ST	MMRS95277876ST
d__Archaea|p__Crenarchaeota|c__Thermoprotei|o__Acidilobales	0	0	0	0	0	0	0	0	0	0	0	0	0	0	0	0	0	0	0	0	0	0	0	0	0	1	0	0	0	0	0	0	0	0	0	0	0	0	0	0	0	0	0	0	0	0	0	0	0	0	0	0	0	0	0	0	0	0	0	0	0	0	0	0	0	0	0	0	0	0	0	0	0	0	0	0	0	0	0	0	0	0	0	0	0	0	0	0	0
d__Archaea|p__Crenarchaeota|c__Thermoprotei|o__Desulfurococcales	0	0	0	0	0	0	0	0	1	0	0	0	0	0	0	0	0	0	0	0	0	0	0	0	0	0	0	0	0	0	0	0	0	0	0	0	0	0	0	0	0	0	0	0	0	0	0	0	0	0	0	0	0	0	0	0	0	0	0	0	0	0	0	0	0	1	0	0	1	0	0	0	0	0	1	0	0	0	0	0	0	0	0	0	0	0	0	0	0
d__Archaea|p__Crenarchaeota|c__Thermoprotei|o__Sulfolobales	1	0	1	0	0	0	0	0	0	0	0	0	0	0	0	0	0	0	0	1	0	0	0	0	0	1	0	0	0	0	0	0	0	0	0	0	0	0	0	0	0	2	0	0	0	0	0	0	0	0	0	0	0	0	0	0	0	0	0	0	0	0	0	0	0	0	0	0	0	0	0	0	0	0	0	0	1	0	0	0	0	0	0	0	1	0	0	0	0
d__Archaea|p__Crenarchaeota|c__Thermoprotei|o__Thermoproteales	0	0	0	0	0	0	0	0	0	0	0	0	0	0	0	0	0	0	0	0	1	0	0	1	0	0	0	0	1	0	0	1	0	0	1	0	0	0	0	0	0	0	0	0	0	0	0	0	0	2	0	0	0	0	0	0	0	0	0	0	0	0	0	0	1	0	1	0	0	0	0	0	3	0	0	0	0	0	0	0	0	0	0	0	0	0	0	0	0
d__Archaea|p__Euryarchaeota|c__Archaeoglobi|o__Archaeoglobales	0	0	0	0	0	0	0	0	0	0	0	0	0	0	0	0	0	0	0	0	0	0	0	0	0	0	0	0	0	0	0	0	0	1	0	0	0	0	0	0	0	0	1	0	0	0	0	0	0	0	0	0	0	0	0	0	0	0	0	0	0	0	1	0	0	0	0	0	0	0	0	0	0	0	0	0	0	0	0	0	0	0	0	1	0	1	0	0	0
d__Archaea|p__Euryarchaeota|c__Halobacteria|o__Halobacteriales	1	1	0	1	1	1	2	0	1	4	0	2	4	1	0	2	0	0	0	3	0	1	1	0	0	3	0	1	0	2	0	0	0	0	2	1	0	2	0	0	1	5	3	0	0	1	2	1	0	0	1	1	1	0	0	2	3	0	1	2	0	0	1	2	4	0	0	1	0	0	2	2	3	0	2	0	0	3	2	1	1	2	4	0	2	1	3	3	3
d__Archaea|p__Euryarchaeota|c__Methanobacteria|o__Methanobacteriales	5	118	2	25	1	8	5625	10	1	312	5	1274	753	0	1	8734	0	0	598	1	449	1417	43	0	0	4840	2	82	0	0	0	0	1	162	1	0	3	30	840	0	0	171	456	3	905	62	2328	1	0	598	0	0	0	0	0	496	0	13	31	131	573	1	0	0	625	0	3	0	1147	33	2370	0	37	25	3486	0	0	34572	0	6	132	2	4194	387	1	0	62	51	2237
d__Archaea|p__Euryarchaeota|c__Methanococci|o__Methanococcales	1	0	0	1	1	0	0	0	0	0	0	0	0	0	0	0	0	0	1	0	0	0	1	0	0	2	0	0	0	1	0	1	7	0	0	3	0	0	1	0	0	0	1	0	1	0	0	0	1	0	0	0	0	2	0	0	1	0	1	1	1	0	0	0	1	0	0	1	0	0	1	0	0	2	0	0	0	0	0	0	1	0	0	0	0	1	0	0	0
d__Archaea|p__Euryarchaeota|c__Methanomicrobia|o__Methanocellales	0	0	1	0	0	0	2	0	0	0	0	1	0	1	0	0	0	0	0	0	0	0	0	0	0	1	1	0	0	0	0	0	0	1	0	0	0	0	0	0	0	1	1	0	0	0	0	0	0	0	0	0	0	1	0	0	0	0	0	0	0	0	1	0	0	0	0	0	1	0	1	0	0	0	1	0	0	0	0	0	0	1	0	0	1	0	0	0	1
d__Archaea|p__Euryarchaeota|c__Methanomicrobia|o__Methanomicrobiales	4	2	2	6	0	4	1	0	1	2	3	2	2	13	5	3	0	2	2	0	1	2	0	2	3	1	7	1	1	4	4	4	0	4	3	0	4	3	2	1	1	3	4	0	0	0	1	9	0	1	1	2	2	0	3	1	0	2	0	0	1	0	4	2	0	0	0	3	2	1	0	2	3	0	3	0	2	2	0	4	1	2	0	2	4	6	9	1	2
d__Archaea|p__Euryarchaeota|c__Methanomicrobia|o__Methanosarcinales	0	2	0	0	0	0	0	1	0	0	0	0	2	0	1	1	1	1	2	1	0	0	0	2	0	3	0	0	1	2	0	0	1	0	1	0	0	0	0	1	1	1	1	0	0	0	2	0	0	0	1	1	2	5	1	0	3	0	0	0	2	2	2	0	2	1	0	1	2	2	0	2	1	0	0	0	2	3	0	1	0	0	3	0	0	0	1	0	0
d__Archaea|p__Euryarchaeota|c__Methanopyri|o__Methanopyrales	0	0	0	0	0	0	0	0	0	0	0	0	0	0	0	0	0	0	0	0	0	0	0	0	0	0	0	0	0	0	0	0	0	0	0	0	0	0	0	0	0	0	0	0	0	0	0	0	0	0	0	0	0	0	0	1	0	0	0	0	0	0	0	0	0	0	0	0	0	0	0	0	0	0	0	0	0	0	0	0	0	0	0	0	0	0	0	0	0
d__Archaea|p__Euryarchaeota|c__Thermococci|o__Thermococcales	0	0	0	0	0	0	0	0	0	0	0	0	0	0	2	1	0	0	0	0	1	0	0	1	1	0	0	1	0	0	1	0	0	0	0	0	0	0	0	1	0	0	0	0	1	0	0	0	0	1	1	0	0	0	1	1	0	0	1	0	0	0	0	1	0	0	1	0	1	0	0	0	1	0	0	0	0	1	1	0	0	0	0	0	0	0	0	1	2
d__Archaea|p__Euryarchaeota|c__Thermoplasmata|o__Thermoplasmatales	1	0	1	0	0	0	2	0	0	0	0	1	0	0	0	0	0	0	0	0	2	2	0	0	0	0	0	0	0	0	0	0	0	0	0	0	0	0	0	0	0	3	3	0	9	0	0	0	0	2	0	0	0	1	1	0	0	0	0	2	0	0	1	0	0	0	0	0	2	0	0	0	4	0	0	0	1	0	0	0	0	0	2	3	0	0	0	1	1
d__Archaea|p__Thaumarchaeota|o__Nitrosopumilales	0	0	0	0	0	0	0	0	0	0	0	0	0	0	0	0	0	0	0	0	0	0	0	0	0	0	0	0	0	0	0	0	0	0	0	0	0	0	0	0	0	0	0	0	0	0	0	0	0	0	0	0	0	0	0	0	0	0	0	0	0	0	0	0	0	1	0	0	0	0	0	0	0	0	0	0	0	0	0	0	0	0	0	0	0	0	0	0	0
d__Archaea|p__Thaumarchaeota|o__Nitrososphaerales	0	0	0	0	0	0	0	0	0	0	0	0	0	0	0	0	0	0	0	0	0	0	0	0	0	0	0	0	0	0	0	0	0	0	0	0	0	0	0	0	0	0	0	0	0	0	0	1	0	0	0	0	0	0	0	0	0	0	0	0	0	0	0	0	0	0	0	0	0	0	0	0	0	0	0	0	0	2	0	0	0	0	0	0	0	0	0	0	0
d__Bacteria|p__Acidobacteria|c__Acidobacteriia|o__Acidobacteriales	3	3	4	2	4	8	5	2	5	4	1	2	0	3	0	3	0	2	3	1	5	8	3	1	6	1	4	4	20	0	2	5	0	1	4	2	0	4	2	2	6	7	9	0	0	3	3	3	1	7	0	0	1	0	4	4	2	1	7	5	2	8	16	7	3	3	4	2	4	3	4	3	13	0	4	4	7	9	0	2	2	3	8	3	5	0	3	18	6
d__Bacteria|p__Acidobacteria|c__Solibacteres|o__Solibacterales	0	0	1	0	0	0	1	0	0	1	0	0	1	0	0	0	0	0	2	0	0	0	0	0	1	0	0	1	0	0	2	1	0	0	0	0	0	1	0	0	0	6	2	0	1	0	0	0	0	0	1	0	0	0	1	2	0	1	0	2	1	0	3	1	0	0	1	1	0	0	0	0	3	0	0	0	0	0	0	0	0	0	2	0	0	0	0	3	0
d__Bacteria|p__Actinobacteria|c__Actinobacteria|o__Acidimicrobiales	2	0	0	1	1	3	1	1	0	1	0	2	1	0	0	2	0	0	1	1	3	1	0	0	0	2	0	2	1	1	0	0	1	0	0	1	0	1	0	2	0	1	2	0	1	0	3	1	1	2	1	0	0	0	1	1	2	0	1	2	1	0	5	1	1	0	1	1	1	1	1	3	2	1	2	0	1	1	0	1	1	0	2	0	2	1	0	0	0
d__Bacteria|p__Actinobacteria|c__Actinobacteria|o__Actinomycetales	63	75	68	62	76	85	129	103	129	44	211	164	116	52	43	83	47	37	111	55	66	132	44	56	85	83	66	124	59	44	120	99	48	95	69	91	12	309	64	48	80	273	95	1174	59	96	125	82	40	77	78	45	44	55	144	113	55	135	169	107	61	105	251	105	72	60	29	88	79	62	82	64	250	102	98	72	102	154	24	32	71	64	132	59	103	50	62	422	122
d__Bacteria|p__Actinobacteria|c__Actinobacteria|o__Bifidobacteriales	136	67	2439	510	2154	74	307	9245	103	72	798	148	279	35	114	4504	268	115	204	2112	710	639	183	19092	5250	708	94	919	2437	53	1930	153	73	2819	62	10229	220	330	120	1369	2800	496	2830	655	112	267	4263	15551	1097	71	1041	76	63	103	912	544	30	53	3034	119	105	32	342	75463	54	1590	54	154	36	113	4696	3738	146	2940	125	748	99	254	3058	207	75	4967	405	55	503	125	210	92	4712
d__Bacteria|p__Actinobacteria|c__Actinobacteria|o__Coriobacteriales	472	373	591	313	442	881	2237	426	467	402	271	178	735	746	507	671	480	133	381	437	97	522	80	2441	653	195	1811	167	1119	665	1611	958	234	440	1787	825	223	304	233	596	760	2942	293	290	298	195	183	512	490	138	710	687	1327	1181	360	597	484	554	261	113	627	2411	2518	1833	810	339	350	756	255	850	2441	1772	363	2436	179	641	324	3389	851	49	176	2118	209	203	398	682	902	599	226
d__Bacteria|p__Actinobacteria|c__Actinobacteria|o__Rubrobacterales	0	0	3	0	0	0	0	0	1	0	2	2	0	0	0	1	0	0	1	0	0	0	0	2	0	2	1	4	0	0	0	1	1	0	0	2	0	2	0	3	0	2	1	0	2	0	0	0	0	0	2	0	1	0	0	0	2	0	0	1	0	0	3	0	0	0	0	2	2	0	1	1	1	0	1	2	1	4	0	0	0	3	0	0	0	0	0	3	0
d__Bacteria|p__Actinobacteria|c__Actinobacteria|o__Solirubrobacterales	1	0	1	0	0	1	1	0	2	0	0	1	0	0	0	1	0	0	0	0	1	2	0	1	2	0	0	0	0	0	0	0	0	0	0	0	0	2	2	0	0	5	1	1	0	1	1	0	0	1	0	0	1	0	0	2	0	1	1	0	1	1	3	0	0	1	0	0	1	0	1	2	1	0	0	1	0	1	1	0	0	1	0	0	2	0	0	6	1
d__Bacteria|p__Aquificae|c__Aquificae|o__Aquificales	0	0	2	1	0	0	1	0	0	4	0	2	2	0	0	1	1	1	1	2	0	0	0	1	1	2	0	0	0	0	0	0	2	1	0	1	0	0	0	0	0	1	2	0	0	2	3	0	0	1	0	0	1	1	0	4	1	0	0	1	0	0	0	0	1	0	1	0	2	1	0	2	0	1	0	1	0	1	0	2	0	0	1	0	1	2	0	1	4
d__Bacteria|p__Aquificae|c__Aquificae|o__Desulfurobacteriales	0	3	0	1	0	0	1	1	4	0	1	0	1	0	0	0	0	1	0	0	0	0	4	0	0	0	0	0	1	0	1	0	1	0	0	1	0	0	0	0	0	0	1	0	1	1	3	0	0	1	0	0	0	0	1	1	1	0	0	0	1	2	0	0	2	2	0	1	1	0	0	1	0	0	2	1	1	0	0	0	1	0	2	0	1	1	0	0	1
d__Bacteria|p__Armatimonadetes|c__Chthonomonadetes|o__Chthonomonadales	0	0	0	0	0	0	0	0	1	1	0	0	0	0	0	0	0	0	0	1	0	2	0	0	0	1	0	0	1	0	1	0	0	0	0	0	0	0	0	0	0	0	0	0	0	0	0	0	0	0	0	0	0	0	1	0	0	0	0	0	0	0	2	0	0	0	0	0	0	0	0	0	0	0	0	0	2	0	0	0	0	0	0	0	0	0	0	1	0
d__Bacteria|p__Bacteroidetes|c__Bacteroidia|o__Bacteroidales	105856	100122	100099	162709	231032	121511	101994	115559	200195	114672	80645	72377	79865	145933	138554	80612	96401	182764	69371	69692	73164	38983	64042	71421	156974	82433	140839	57769	283180	239319	186726	115019	151615	108356	115015	81160	341215	63964	121544	300912	183517	25225	42705	2401	68782	44269	56509	191491	291548	35177	285230	292302	229902	264063	185944	66608	338187	110598	43388	41035	55084	7891	37060	112209	73147	207637	289310	120441	80529	160544	157984	132461	31215	136206	55207	62730	75171	93257	272972	133380	24784	85562	39588	125963	114965	197286	194761	18653	41104
d__Bacteria|p__Bacteroidetes|c__Cytophagia|o__Cytophagales	11	14	9	19	3	20	10	7	18	8	18	8	12	8	11	6	11	22	10	8	8	21	10	8	13	11	6	14	0	14	10	15	25	4	9	16	3	16	9	12	7	12	8	0	14	6	19	15	8	8	13	12	22	4	11	14	13	8	39	9	10	11	10	7	13	15	12	20	25	9	14	2	6	15	6	11	25	18	4	14	8	14	23	16	8	10	7	17	11
d__Bacteria|p__Bacteroidetes|c__Flavobacteriia|o__Flavobacteriales	14	23	39	14	9	46	13	143	32	125	44	19	36	64	31	8	48	58	12	16	21	63	49	5	8	44	8	35	5	13	14	27	42	40	12	33	28	32	16	54	10	9	33	10	15	59	31	15	6	18	16	33	23	8	24	27	19	34	22	24	16	8	18	13	21	23	39	25	42	24	19	11	13	13	15	40	67	26	14	34	35	18	18	14	21	29	19	22	36
d__Bacteria|p__Bacteroidetes|c__Sphingobacteriia|o__Sphingobacteriales	8	11	3	16	5	7	7	3	6	11	3	17	4	8	5	6	9	9	17	12	23	24	6	11	6	7	14	10	2	16	6	18	4	9	11	18	10	16	5	2	6	4	15	1	20	15	7	12	7	11	8	4	16	5	11	5	5	12	60	6	5	2	4	5	8	13	15	12	18	4	8	0	14	3	9	3	8	4	9	9	13	18	12	18	3	13	4	17	22
d__Bacteria|p__Bacteroidetes|o__Bacteroidetes_Order_II_Incertae_sedis	2	2	5	5	0	1	2	2	0	1	1	2	7	0	1	2	1	0	2	0	0	3	1	0	2	2	0	4	0	1	1	0	4	2	0	2	0	3	2	0	3	6	3	0	2	2	4	1	3	3	0	0	2	0	3	6	1	3	0	1	1	4	4	5	1	3	0	4	0	1	0	0	5	3	3	3	2	3	0	0	2	0	7	2	2	0	0	4	1
d__Bacteria|p__Caldiserica|c__Caldisericia|o__Caldisericales	0	0	0	0	0	0	0	0	0	0	1	0	0	0	2	0	0	0	1	0	0	0	0	0	0	1	0	1	0	0	0	2	6	0	1	0	0	0	0	0	0	0	1	0	1	0	0	1	0	0	1	0	0	0	0	0	0	0	0	0	0	0	0	0	1	0	1	0	0	0	0	1	0	0	1	0	1	0	0	2	0	0	1	0	0	2	0	0	2
d__Bacteria|p__Chlamydiae|c__Chlamydiia|o__Chlamydiales	1	0	3	2	0	2	2	1	0	0	0	3	1	2	3	1	1	3	0	1	0	2	0	1	0	0	0	4	2	0	0	2	0	0	0	2	0	0	1	3	0	3	0	1	4	0	3	0	0	0	0	0	0	1	1	1	1	0	3	0	2	0	0	1	3	4	0	1	1	0	0	0	1	1	3	0	0	3	0	1	4	0	7	0	1	2	0	0	6
d__Bacteria|p__Chlorobi|c__Chlorobia|o__Chlorobiales	5	10	2	7	7	7	3	8	3	4	8	10	10	11	6	8	6	6	6	2	5	13	3	4	4	12	7	16	7	10	2	7	5	10	3	3	12	11	4	3	1	8	3	4	3	2	11	14	2	6	6	6	4	1	4	4	4	3	8	7	4	13	8	13	12	8	3	6	13	4	3	5	13	4	8	3	9	13	2	5	2	5	6	6	5	2	7	9	11
d__Bacteria|p__Chloroflexi|c__Anaerolineae|o__Anaerolineales	0	1	0	0	0	0	1	0	3	0	2	1	0	1	0	2	1	3	1	0	0	1	0	0	0	1	1	0	0	0	0	0	2	0	0	0	0	0	0	0	0	2	0	0	0	0	0	1	0	0	0	0	1	0	2	0	0	0	0	0	0	0	0	1	0	0	0	0	1	0	0	0	0	0	0	2	1	0	0	0	0	1	0	0	0	0	0	0	0
d__Bacteria|p__Chloroflexi|c__Caldilineae|o__Caldilineales	1	1	2	0	0	0	1	0	1	1	0	3	0	0	0	0	0	0	1	2	1	2	0	0	1	2	2	1	2	0	0	1	2	1	1	0	0	0	0	1	0	0	0	0	1	0	0	0	0	0	0	1	0	0	0	0	0	1	1	0	0	0	1	0	2	0	0	0	0	3	0	0	2	2	1	1	0	0	0	1	1	0	2	0	1	0	1	0	2
d__Bacteria|p__Chloroflexi|c__Chloroflexia|o__Chloroflexales	0	3	2	4	3	1	3	0	0	0	3	0	2	2	1	3	1	0	3	0	0	5	0	2	2	0	1	0	1	2	2	2	0	1	4	0	0	3	0	0	3	2	0	0	4	2	2	1	2	1	0	0	2	0	0	0	2	0	4	1	1	1	1	1	0	0	0	1	1	0	0	2	2	0	1	0	1	2	0	1	1	0	5	1	1	0	0	6	1
d__Bacteria|p__Chloroflexi|c__Chloroflexia|o__Herpetosiphonales	0	0	0	0	0	0	0	0	0	0	0	0	0	0	0	0	0	0	0	0	0	0	0	0	0	0	0	0	0	2	0	0	0	0	0	0	0	0	0	0	0	1	1	0	0	0	0	0	0	1	0	0	0	0	0	0	0	0	0	0	0	0	0	0	0	0	0	0	0	0	0	0	0	0	0	0	0	0	0	0	0	0	0	0	0	0	0	0	0
d__Bacteria|p__Chloroflexi|c__Dehalococcoidia|o__Dehalococcoidales	1	1	0	0	0	4	4	1	0	0	4	3	1	2	8	0	2	5	0	3	0	4	9	0	0	2	0	1	0	0	0	1	6	1	21	3	1	2	2	1	0	1	0	0	1	5	3	0	7	0	3	1	0	2	0	4	0	1	2	4	0	20	1	10	3	0	0	1	0	1	1	1	2	5	2	1	0	0	0	3	1	3	1	0	0	0	4	0	0
d__Bacteria|p__Chloroflexi|c__Thermomicrobia|o__Sphaerobacterales	0	0	0	0	0	0	2	0	1	0	0	1	1	0	0	0	1	0	0	1	0	3	0	1	1	0	0	0	1	0	0	0	0	0	0	3	0	0	0	1	1	1	0	0	0	0	0	0	0	0	0	0	0	0	0	1	0	0	0	0	0	0	3	1	0	0	0	0	0	1	0	0	2	0	1	4	0	0	0	1	0	0	4	0	1	1	1	4	0
d__Bacteria|p__Chloroflexi|c__Thermomicrobia|o__Thermomicrobiales	0	0	1	0	0	0	1	1	0	0	1	0	0	0	0	0	0	0	0	0	0	0	0	0	3	0	0	2	0	0	0	0	1	0	0	1	0	0	0	0	0	1	0	3	0	0	1	0	0	0	0	0	0	0	0	0	0	0	0	0	0	0	2	0	1	0	0	0	0	0	0	0	0	1	0	1	0	0	0	0	0	0	0	0	0	0	0	2	1
d__Bacteria|p__Chrysiogenetes|c__Chrysiogenetes|o__Chrysiogenales	5	0	0	1	1	1	0	1	0	1	1	0	0	0	1	1	1	0	3	0	1	2	0	0	0	0	2	0	0	0	1	0	0	2	0	0	0	4	1	0	3	2	2	0	1	1	1	0	1	4	0	0	0	0	2	1	0	0	0	0	1	0	3	1	1	1	2	1	0	1	2	0	4	1	1	0	1	0	0	0	1	0	4	2	0	0	2	2	0
d__Bacteria|p__Cyanobacteria|c__Gloeobacteria|o__Gloeobacterales	0	1	0	3	1	2	3	1	0	0	3	4	0	0	0	1	0	0	0	2	0	1	1	1	1	0	0	1	0	0	0	2	0	0	1	1	0	2	3	0	0	5	1	0	0	0	2	1	1	1	5	1	1	0	1	1	2	0	1	2	2	2	3	1	1	0	1	5	3	4	2	1	2	0	3	0	1	1	0	1	0	0	2	0	0	0	1	6	1
d__Bacteria|p__Cyanobacteria|o__Chroococcales	10	5	7	8	3	13	15	6	5	4	10	14	10	4	4	9	3	6	6	14	9	8	1	2	7	11	5	11	1	3	3	5	4	8	7	6	1	20	9	4	2	28	8	2	5	11	16	6	3	9	6	1	8	2	6	15	7	1	21	4	2	4	22	16	6	8	8	4	8	6	4	11	23	6	10	8	8	4	3	4	10	6	15	6	5	3	5	22	12
d__Bacteria|p__Cyanobacteria|o__Nostocales	1	2	3	6	2	4	1	4	0	3	2	0	2	2	4	4	2	1	4	1	3	1	2	0	1	6	5	1	2	7	1	2	3	0	2	1	1	2	3	2	2	2	0	1	5	2	2	3	3	2	1	2	3	0	2	8	1	3	2	3	1	0	1	4	1	1	1	1	4	1	1	0	2	2	3	0	6	3	0	3	2	1	6	3	4	7	8	1	3
d__Bacteria|p__Cyanobacteria|o__Oscillatoriales	3	0	4	3	2	1	1	0	0	1	5	1	1	0	1	1	0	0	4	1	2	3	1	3	1	2	1	2	1	1	0	1	2	4	6	5	0	1	0	1	0	4	4	1	1	0	1	1	0	2	1	0	1	2	2	1	3	2	1	7	0	3	9	0	1	0	0	1	2	0	6	3	6	3	1	2	1	0	0	1	2	1	3	1	1	1	0	7	0
d__Bacteria|p__Cyanobacteria|o__Pleurocapsales	0	0	0	1	0	0	0	0	0	0	0	0	0	1	0	0	0	0	0	3	0	0	0	0	0	0	0	1	0	0	0	0	0	0	0	0	0	0	2	0	0	0	0	2	0	0	0	0	0	0	0	0	0	0	0	0	1	0	0	3	0	0	0	0	1	0	0	0	0	0	0	0	0	0	0	0	0	0	0	0	0	0	4	0	0	0	0	0	0
d__Bacteria|p__Cyanobacteria|o__Prochlorales	1	0	1	1	1	0	0	1	0	1	1	2	3	3	0	1	0	0	4	1	0	1	2	0	1	3	0	1	0	0	1	0	1	0	0	2	0	1	3	0	0	2	4	0	0	1	2	0	0	0	0	0	1	1	1	2	2	0	1	1	0	0	0	3	0	1	0	0	0	3	1	3	0	2	0	1	4	0	0	0	4	0	2	0	0	0	0	0	4
d__Bacteria|p__Deferribacteres|c__Deferribacteres|o__Deferribacterales	1	0	1	0	0	2	2	2	2	1	0	3	0	2	2	0	0	3	1	1	4	2	2	1	1	1	1	6	0	2	2	2	2	1	0	1	0	1	0	4	2	0	4	0	0	0	1	0	0	8	0	1	0	5	1	4	0	0	9	0	2	2	0	3	0	1	2	1	0	0	2	2	0	1	9	1	6	2	2	7	0	0	2	4	0	0	0	1	0
d__Bacteria|p__Deinococcus-Thermus|c__Deinococci|o__Deinococcales	6	5	8	6	6	7	15	5	2	2	9	10	10	3	8	4	0	1	11	5	2	9	3	3	8	7	1	16	1	1	11	3	2	5	4	3	3	5	8	2	5	32	12	4	0	3	10	5	3	7	6	3	0	0	2	9	7	4	8	5	2	10	22	9	7	2	2	7	12	1	3	4	24	5	9	3	8	14	2	1	2	4	5	3	7	0	3	24	11
d__Bacteria|p__Deinococcus-Thermus|c__Deinococci|o__Thermales	2	6	2	2	4	6	8	1	5	2	5	5	5	2	3	3	1	1	4	3	2	8	1	2	4	8	2	4	4	1	5	4	4	2	5	6	0	7	3	5	5	17	8	0	4	13	8	4	2	6	4	0	3	1	1	3	3	2	5	6	3	0	15	7	6	5	5	4	5	3	3	3	15	6	8	10	4	15	0	3	5	4	6	6	4	1	0	31	5
d__Bacteria|p__Dictyoglomi|c__Dictyoglomia|o__Dictyoglomales	1	0	1	0	1	1	0	0	0	0	0	0	1	0	1	0	0	7	1	0	0	0	0	1	0	0	1	0	0	0	0	1	0	0	0	0	0	0	1	2	0	0	0	0	0	0	0	0	1	0	0	0	0	2	0	1	1	1	0	0	1	1	0	0	1	0	0	0	1	1	3	4	0	1	0	0	1	0	0	0	2	0	1	0	1	1	1	0	1
d__Bacteria|p__Elusimicrobia|c__Elusimicrobia|o__Elusimicrobiales	0	0	0	0	0	1	1	1	1	1	0	0	0	0	0	0	0	0	0	0	0	0	0	0	0	0	0	0	0	0	0	0	0	0	0	1	0	0	3	0	0	0	0	0	0	1	0	0	0	0	0	0	0	1	0	2	0	0	0	0	0	0	0	0	1	0	0	0	1	0	0	0	0	0	0	1	0	0	0	1	0	0	1	0	0	0	1	0	0
d__Bacteria|p__Fibrobacteres|c__Fibrobacteria|o__Fibrobacterales	3	0	0	1	0	2	0	2	1	0	3	0	2	4	1	2	1	0	0	1	1	0	1	2	2	0	0	2	2	2	0	5	1	7	4	2	0	2	1	0	0	3	1	0	3	0	5	0	2	0	1	1	0	0	0	5	1	0	2	1	2	0	4	3	2	0	3	9	1	0	2	0	0	1	2	1	0	1	1	3	3	0	0	0	0	1	1	13	0
d__Bacteria|p__Firmicutes|c__Bacilli|o__Bacillales	46	41	57	31	36	38	49	183	44	39	49	70	69	35	55	42	34	38	41	46	44	62	43	54	51	55	39	92	40	21	18	39	44	42	48	65	23	70	41	27	52	51	54	170	50	52	55	17	32	56	30	28	40	42	47	43	30	46	70	51	33	94	39	52	58	41	59	44	30	51	45	55	85	56	62	64	26	59	30	34	83	52	64	30	38	44	27	48	61
d__Bacteria|p__Firmicutes|c__Bacilli|o__Lactobacillales	672	994	597	1104	1036	1124	3430	31776	8683	1241	2586	568	1649	2194	1473	556	2209	459	1964	576	1238	308	9107	636	646	647	932	561	1420	512	1496	1054	303	1406	897	1149	276	20060	439	478	1721	359	785	226549	261	969	1811	506	991	2901	3033	376	479	2024	4969	2050	390	506	15603	664	10458	1650	324	858	2642	606	592	967	284	585	2492	960	230	3753	464	743	349	2108	4633	233	589	1880	713	291	774	955	1347	80	1005
d__Bacteria|p__Firmicutes|c__Clostridia|o__Clostridiales	82021	80768	96343	109734	160940	130554	48662	132106	38496	127280	69231	70015	78820	58006	66386	110353	144623	16012	79122	114115	48745	46264	56860	102636	62290	77281	84633	58213	126048	56091	84552	82327	44734	114683	184494	27752	13558	74266	62612	45466	210045	57085	142087	3791	108267	92701	68836	44814	77218	124861	36122	83214	59397	34619	101499	100971	12143	76750	52662	107525	137018	37684	135463	74275	116981	78419	26393	75582	60498	65938	33304	108856	79772	167216	65495	119282	144580	47734	72137	62290	111625	53940	127804	66382	99651	44862	58268	54242	66771
d__Bacteria|p__Firmicutes|c__Clostridia|o__Halanaerobiales	4	2	3	1	1	1	4	7	5	1	10	8	8	1	8	2	2	4	3	4	0	4	2	3	5	6	2	15	0	0	2	3	2	2	1	3	0	5	1	0	3	6	3	5	6	4	2	0	3	5	4	1	1	0	1	3	0	0	2	0	2	0	0	5	4	1	2	4	3	3	3	3	1	0	7	15	1	2	2	1	6	1	6	0	2	4	1	2	12
d__Bacteria|p__Firmicutes|c__Clostridia|o__Natranaerobiales	0	0	0	0	0	0	0	0	0	1	0	0	0	0	1	0	1	0	0	1	0	1	0	0	0	0	0	0	0	0	0	0	0	0	0	0	0	2	0	0	0	0	0	0	0	0	0	0	0	0	0	0	0	0	0	0	0	0	0	0	0	0	0	0	0	0	0	0	0	0	0	0	0	0	0	0	0	0	0	0	0	0	0	0	1	0	0	0	0
d__Bacteria|p__Firmicutes|c__Clostridia|o__Thermoanaerobacterales	20	12	16	10	10	13	37	13	9	9	9	21	30	7	18	21	12	9	25	13	6	21	13	11	19	21	7	53	6	9	12	9	17	8	11	13	5	28	15	9	8	44	18	5	18	13	34	20	9	15	3	5	13	5	7	23	10	11	13	17	13	14	16	8	21	8	4	9	12	15	8	8	38	23	43	8	11	18	10	8	19	6	29	13	15	7	15	24	54
d__Bacteria|p__Firmicutes|c__Erysipelotrichia|o__Erysipelotrichales	345	344	461	339	292	227	4756	241	151	212	246	266	136	369	441	360	297	291	151	214	245	375	55	267	940	242	1354	186	146	99	265	262	411	189	288	525	80	370	178	173	507	206	1300	47	166	962	272	255	225	343	113	162	149	373	276	337	92	219	98	677	152	278	562	399	633	127	862	286	195	334	230	584	614	688	163	423	203	4227	98	173	445	209	357	246	210	159	2179	171	168
d__Bacteria|p__Firmicutes|c__Negativicutes|o__Selenomonadales	173	67	59	40	380	40	30	7735	10534	258	295	61	74	10509	52	6386	40	318	581	104	248	66	693	111	368	41	8035	108	6982	43	841	49	44	5248	264	40	54	233	140	26	249	73	52	2451	41	246	2177	9703	42	353	47490	202	34	67	60	283	426	135	2536	439	2041	70	92	1593	58	40264	25	44	33	268	34613	64	136	1283	54	3465	56	107	764	91	81	54	264	31	361	92	230	177	1278
d__Bacteria|p__Fusobacteria|c__Fusobacteriia|o__Fusobacteriales	16	7	9	9	13	42	614	7	85	12	23	6	13	9	23	3	4	516	13	3	4	12	11	6	3	18	7	14	1	2	2	4	564	3	312	310	5	2	4	0	15	2	5	163	5	4	86	21	74	11	2	5	8	69	4	15	6	4	644	7	104	181	1	10	10	4	27	2	28	145	48	5	4	33	26	6	4	4	7	21	20	3	11	2	29	2	3	1	16
d__Bacteria|p__Gemmatimonadetes|c__Gemmatimonadetes|o__Gemmatimonadales	1	1	0	1	1	0	1	0	4	0	1	4	1	0	1	0	1	0	0	1	0	0	0	0	0	2	3	2	0	1	0	0	1	0	1	2	0	1	0	3	0	6	1	0	2	1	2	1	0	0	1	1	0	0	0	2	0	0	0	1	0	0	0	0	3	2	0	1	1	0	0	0	6	0	3	0	0	1	0	0	0	2	0	0	1	0	0	0	0
d__Bacteria|p__Ignavibacteriae|c__Ignavibacteria|o__Ignavibacteriales	2	1	1	1	0	1	2	0	0	0	0	2	0	0	0	5	2	1	3	0	2	3	0	0	1	0	0	1	0	0	3	1	0	0	0	1	0	0	1	0	0	2	1	4	2	0	0	2	0	0	0	0	1	0	1	5	1	0	1	1	4	0	1	0	1	0	1	1	6	0	0	0	1	2	1	0	0	1	0	0	0	1	3	2	0	0	0	1	0
d__Bacteria|p__Nitrospirae|c__Nitrospira|o__Nitrospirales	0	0	0	1	2	0	1	0	0	0	0	0	4	0	0	1	0	0	0	2	1	2	1	0	0	1	1	0	0	1	1	1	0	2	1	1	1	0	2	1	0	2	2	0	1	0	0	1	0	2	0	0	0	2	1	2	0	0	0	2	1	3	2	0	0	0	2	1	1	0	1	1	3	2	1	0	0	0	0	2	1	0	2	1	1	0	0	1	3
d__Bacteria|p__Planctomycetes|c__Phycisphaerae|o__Phycisphaerales	1	1	2	0	0	0	1	0	1	0	0	3	2	0	0	2	0	0	2	1	0	1	0	0	0	0	0	2	1	1	3	0	0	0	0	2	0	1	0	2	1	3	0	0	2	1	2	0	0	1	0	0	1	0	0	0	1	1	2	0	0	0	1	0	1	0	0	0	0	0	0	2	1	0	6	0	1	5	0	0	0	0	2	0	0	0	1	7	0
d__Bacteria|p__Planctomycetes|c__Planctomycetia|o__Planctomycetales	2	2	3	2	3	2	5	1	1	1	1	8	4	1	5	2	3	1	0	2	0	3	0	3	1	1	2	6	2	1	1	10	2	4	1	1	0	4	2	1	1	5	3	4	3	1	2	2	3	3	3	0	0	0	6	3	0	4	5	1	2	3	6	2	2	2	0	11	18	2	1	4	4	1	6	0	5	2	0	3	0	4	0	0	1	0	4	11	1
d__Bacteria|p__Proteobacteria|c__Alphaproteobacteria|o__Caulobacterales	4	2	2	3	5	2	7	5	4	2	5	10	0	4	1	3	1	1	1	4	4	8	5	0	3	4	2	2	1	3	1	3	3	2	3	3	1	8	2	5	2	25	4	1	4	7	6	4	1	6	0	1	1	0	3	3	3	0	5	3	2	3	17	5	1	4	1	2	3	4	7	6	15	2	6	1	4	9	2	0	3	6	5	1	2	4	1	19	3
d__Bacteria|p__Proteobacteria|c__Alphaproteobacteria|o__Magnetococcales	2	1	0	0	0	0	0	0	0	0	0	1	5	0	0	4	1	0	1	2	1	1	1	2	0	0	0	0	0	0	0	0	0	0	0	0	0	0	0	0	0	1	3	0	0	0	2	1	1	0	2	0	1	0	0	1	1	2	0	0	3	0	0	0	0	0	0	0	0	1	2	2	3	0	1	0	0	1	0	0	1	0	1	0	0	0	0	2	0
d__Bacteria|p__Proteobacteria|c__Alphaproteobacteria|o__Parvularculales	2	0	0	0	0	0	0	0	0	0	0	0	0	0	0	0	0	0	1	0	0	1	0	0	0	1	0	0	0	0	0	1	0	0	0	0	0	0	1	0	0	3	0	0	0	0	0	0	0	0	0	0	1	0	0	0	0	0	0	0	0	0	0	0	0	0	0	1	0	0	0	0	1	0	0	0	0	0	0	0	0	0	0	0	0	0	0	3	0
d__Bacteria|p__Proteobacteria|c__Alphaproteobacteria|o__Rhizobiales	38	31	31	20	19	19	24	29	36	12	34	42	43	3	17	24	12	26	16	20	29	48	23	20	25	29	27	48	15	27	9	57	14	34	18	25	6	49	20	27	15	102	30	52	40	40	61	29	9	28	16	8	10	10	24	38	11	26	28	33	20	35	71	22	33	20	9	28	22	11	28	35	77	33	47	23	26	42	8	15	22	30	57	32	43	11	16	121	29
d__Bacteria|p__Proteobacteria|c__Alphaproteobacteria|o__Rhodobacterales	5	12	9	5	9	5	5	8	7	1	19	15	17	2	10	9	7	11	9	7	3	10	7	1	3	5	9	16	9	6	6	9	12	9	4	8	0	23	11	3	6	23	8	13	7	8	11	11	3	7	13	4	5	2	13	8	11	12	9	9	13	5	32	9	9	7	2	5	4	5	7	8	23	8	11	5	9	8	2	7	1	3	11	15	12	3	7	50	8
d__Bacteria|p__Proteobacteria|c__Alphaproteobacteria|o__Rhodospirillales	14	11	10	8	6	15	19	11	7	6	13	19	12	4	4	12	7	6	11	8	4	14	9	8	14	13	8	17	10	7	8	19	7	10	8	10	1	23	8	3	4	41	12	1	9	3	19	11	3	14	6	3	9	2	7	12	10	4	10	9	8	14	38	6	18	11	16	11	20	8	9	11	44	10	11	9	9	19	2	3	6	8	33	13	20	6	12	47	10
d__Bacteria|p__Proteobacteria|c__Alphaproteobacteria|o__Rickettsiales	4	0	2	2	1	0	1	1	1	0	2	2	2	0	5	1	0	3	0	1	5	9	3	0	2	5	1	5	0	0	0	1	2	1	2	0	1	2	4	0	0	2	1	1	2	0	2	0	2	5	3	1	1	1	5	1	0	2	1	2	2	7	0	1	5	0	0	6	2	0	1	2	0	3	4	1	0	0	0	1	2	0	1	3	0	3	1	1	7
d__Bacteria|p__Proteobacteria|c__Alphaproteobacteria|o__Sphingomonadales	7	5	6	3	5	5	6	3	1	9	2	11	7	2	2	11	6	3	11	5	5	9	1	9	7	5	3	6	0	11	2	8	10	8	2	3	1	10	6	2	9	21	6	1	8	3	5	3	1	3	1	0	1	5	7	9	5	14	5	7	7	17	15	4	5	0	3	6	1	5	7	3	17	4	9	1	4	5	1	4	2	11	11	4	11	3	5	17	7
d__Bacteria|p__Proteobacteria|c__Betaproteobacteria|o__Burkholderiales	36	52	50	35	36	27	56	38	101	21	80	93	43	20	25	61	18	36	43	28	38	73	52	25	55	32	28	80	50	38	32	44	44	60	25	53	7	95	42	22	35	147	53	394	43	47	58	67	26	57	34	17	26	14	38	44	38	35	59	46	32	46	95	39	34	33	17	64	35	30	34	41	130	27	51	56	70	91	32	32	31	89	60	50	63	17	40	203	58
d__Bacteria|p__Proteobacteria|c__Betaproteobacteria|o__Gallionellales	1	1	2	2	3	1	1	3	0	1	1	1	0	0	0	0	0	0	0	1	1	0	0	0	2	1	3	0	0	0	2	1	0	0	1	2	1	2	0	1	0	2	1	1	5	0	1	1	1	1	0	0	1	0	1	1	0	0	1	1	2	0	0	0	1	0	0	2	0	1	0	0	1	1	1	0	0	0	0	1	2	0	2	0	1	0	6	3	0
d__Bacteria|p__Proteobacteria|c__Betaproteobacteria|o__Hydrogenophilales	0	2	1	0	1	0	1	2	2	0	5	2	0	0	0	0	0	1	0	0	0	0	2	1	0	2	0	0	1	0	1	1	0	1	0	0	0	1	0	0	0	5	0	12	1	0	1	1	1	0	2	0	2	0	2	0	1	0	0	1	0	0	0	0	0	1	0	1	1	0	3	0	0	1	0	0	0	2	5	0	0	0	0	0	1	0	0	1	3
d__Bacteria|p__Proteobacteria|c__Betaproteobacteria|o__Methylophilales	3	2	2	0	1	1	0	0	10	0	7	3	0	1	3	1	2	3	2	3	0	0	2	0	3	1	0	2	1	2	1	5	6	5	2	1	0	5	4	0	0	3	3	39	1	4	1	1	1	1	1	0	1	2	2	0	1	1	1	0	1	1	2	0	0	1	1	4	1	0	2	1	4	0	1	7	6	2	0	1	0	1	1	6	5	0	1	8	3
d__Bacteria|p__Proteobacteria|c__Betaproteobacteria|o__Neisseriales	5	16	5	6	10	2	5	6	9	4	6	4	9	4	6	2	2	6	5	2	7	9	8	5	2	6	2	9	3	3	9	7	7	4	2	3	1	5	3	4	4	26	7	66	5	7	10	4	2	9	5	0	5	8	7	4	3	3	4	21	8	7	10	3	8	3	5	6	5	3	12	3	8	6	5	4	6	4	3	7	2	3	9	6	2	0	3	30	8
d__Bacteria|p__Proteobacteria|c__Betaproteobacteria|o__Nitrosomonadales	0	0	0	0	0	0	0	2	5	1	2	2	1	0	1	0	0	0	1	0	0	0	1	0	0	0	0	0	0	0	0	0	1	0	0	0	0	5	2	0	0	2	1	17	0	2	1	1	0	1	1	0	0	1	1	1	2	0	0	1	2	0	2	0	0	0	0	0	0	0	1	0	2	1	0	3	2	0	0	1	0	1	0	0	0	0	0	1	0
d__Bacteria|p__Proteobacteria|c__Betaproteobacteria|o__Rhodocyclales	3	1	2	4	3	3	6	4	13	0	16	11	3	0	4	7	5	6	6	2	8	7	10	1	10	2	4	8	6	1	6	8	3	6	4	3	0	12	5	0	1	3	2	62	1	12	12	4	1	2	8	3	2	1	7	4	10	4	6	11	1	11	4	4	3	3	1	8	4	4	7	4	13	6	9	6	10	12	1	2	3	4	6	6	9	0	1	19	6
d__Bacteria|p__Proteobacteria|c__Betaproteobacteria|o__Sulfuricellales	0	0	1	0	0	0	2	0	1	0	1	1	2	1	0	0	0	0	0	0	0	1	0	0	0	0	0	0	1	0	0	0	1	0	0	1	0	1	0	0	0	5	1	0	0	1	1	0	0	0	0	0	0	1	0	0	0	0	0	1	0	0	0	0	0	0	2	0	1	0	1	0	1	1	0	0	1	1	0	1	0	0	0	0	0	1	1	2	1
d__Bacteria|p__Proteobacteria|c__Deltaproteobacteria|o__Bdellovibrionales	1	0	1	2	0	3	0	1	0	0	2	0	0	0	0	0	1	0	0	0	3	0	1	1	3	0	0	4	2	0	1	2	0	0	1	4	0	2	0	0	0	2	0	0	2	1	3	1	0	0	0	0	0	1	1	0	1	2	0	0	0	5	5	0	0	0	0	0	2	0	1	1	1	0	0	1	0	0	1	1	2	0	0	0	1	0	1	1	1
d__Bacteria|p__Proteobacteria|c__Deltaproteobacteria|o__Desulfarculales	1	1	4	2	1	1	9	1	0	1	3	4	3	2	2	1	0	3	3	2	2	2	2	0	3	4	0	3	2	0	1	2	0	1	1	2	0	7	0	0	1	3	3	1	2	0	2	3	0	3	2	0	0	0	0	1	2	1	1	0	1	1	7	4	3	0	1	2	3	0	4	0	7	2	2	1	0	3	1	0	1	1	6	1	2	2	0	9	1
d__Bacteria|p__Proteobacteria|c__Deltaproteobacteria|o__Desulfobacterales	4	3	3	1	3	6	5	4	2	5	3	3	7	5	4	6	2	1	5	6	2	9	2	4	9	7	2	8	2	7	3	9	3	7	4	1	0	5	4	3	3	10	5	2	7	5	7	4	3	1	3	5	4	3	1	8	2	4	4	1	1	10	9	6	8	1	1	6	5	2	3	4	16	6	4	5	7	11	1	4	3	2	5	3	4	5	6	30	10
d__Bacteria|p__Proteobacteria|c__Deltaproteobacteria|o__Desulfovibrionales	60	49	51	31	27	40	80	48	24	18	53	171	36	33	17	32	28	72	81	27	102	51	15	32	39	366	66	56	22	30	28	38	50	38	28	67	12	149	61	52	22	142	85	13	18	27	50	98	30	64	14	27	19	16	54	38	82	13	75	25	58	28	53	45	29	24	28	31	32	25	64	20	151	33	50	22	31	111	3	31	46	20	107	78	45	39	36	217	35
d__Bacteria|p__Proteobacteria|c__Deltaproteobacteria|o__Desulfurellales	0	0	1	3	0	2	1	0	0	1	0	2	0	0	0	1	0	1	2	0	0	0	0	0	0	0	0	0	0	0	0	0	0	0	2	1	0	0	0	0	0	0	0	0	0	0	0	0	0	0	1	0	0	0	1	0	1	0	0	2	0	0	0	0	0	0	0	0	2	0	0	0	1	0	1	0	0	0	0	0	1	0	0	1	0	0	0	1	0
d__Bacteria|p__Proteobacteria|c__Deltaproteobacteria|o__Desulfuromonadales	10	12	11	11	8	17	19	10	8	5	5	18	18	2	6	13	9	5	18	8	12	24	6	14	8	16	6	27	10	8	8	14	5	10	11	12	5	27	5	4	6	33	15	3	3	12	14	12	2	11	8	9	11	5	7	14	5	5	12	16	14	8	25	12	13	12	7	14	8	5	11	15	55	8	22	10	11	18	4	10	2	8	15	6	19	2	8	68	21
d__Bacteria|p__Proteobacteria|c__Deltaproteobacteria|o__Myxococcales	7	11	10	6	7	15	29	7	17	2	21	25	19	5	4	13	7	1	11	3	9	28	5	6	16	16	4	19	8	7	10	12	5	13	6	22	2	24	8	5	4	40	16	30	10	13	25	11	3	7	5	4	2	3	4	15	10	5	25	18	3	19	55	9	5	10	1	7	10	8	11	15	43	13	14	13	11	33	4	6	5	12	24	7	22	5	9	52	12
d__Bacteria|p__Proteobacteria|c__Deltaproteobacteria|o__Syntrophobacterales	1	2	3	0	0	2	5	0	4	2	3	3	3	2	0	1	1	2	3	2	0	3	1	1	4	0	2	1	0	0	0	1	2	1	3	3	0	5	0	3	1	6	5	0	1	3	4	5	1	1	1	0	1	1	0	4	1	0	3	2	3	12	6	5	1	1	0	1	1	0	1	0	7	6	2	1	1	4	1	0	2	0	1	1	2	0	0	6	1
d__Bacteria|p__Proteobacteria|c__Epsilonproteobacteria|o__Campylobacterales	412	108	92	274	92	33	176	117	108	85	111	67	35	494	224	33	163	236	130	593	55	91	40	524	68	220	340	66	309	340	111	170	125	88	192	249	274	76	19	77	206	252	132	97	214	25	25	133	16	68	157	276	131	1578	316	61	128	26	202	47	149	663	57	81	119	40	126	190	97	53	55	164	17	382	57	169	202	96	61	114	58	42	25	114	40	10	524	5	44
d__Bacteria|p__Proteobacteria|c__Epsilonproteobacteria|o__Nautiliales	1	1	0	0	0	0	1	0	0	0	0	0	0	0	0	1	0	0	1	0	1	0	0	1	0	2	0	0	0	0	0	2	0	0	0	0	0	0	0	2	0	1	0	0	0	0	1	0	0	3	0	0	0	0	0	0	0	0	0	0	1	1	0	0	2	1	0	0	0	0	0	0	0	0	1	0	0	0	0	0	0	0	1	0	2	0	0	0	0
d__Bacteria|p__Proteobacteria|c__Gammaproteobacteria|o__Acidithiobacillales	0	0	1	1	0	1	0	1	1	0	1	0	0	2	1	2	0	1	3	0	0	4	1	1	0	0	1	2	0	0	0	0	2	1	0	0	0	6	1	1	1	3	4	6	2	2	1	2	0	0	0	0	0	0	2	0	1	1	1	1	1	3	0	1	1	0	3	1	0	1	0	1	1	3	1	1	1	2	0	1	0	1	0	0	0	0	0	4	1
d__Bacteria|p__Proteobacteria|c__Gammaproteobacteria|o__Aeromonadales	4	4	27	5	3	5	5	7	1	4	16	18	10	18	6	5	1	19	15	2	9	3	5	3	3	3	8	9	24	3	4	7	7	13	7	7	1	15	5	1	5	13	11	9	1	7	26	100	1	3	4	6	4	63	6	5	15	9	6	7	4	9	16	4	7	1	5	4	3	1	4	8	9	9	156	5	14	16	1	3	3	3	5	2	4	7	2	38	4
d__Bacteria|p__Proteobacteria|c__Gammaproteobacteria|o__Alteromonadales	8	12	10	8	3	0	6	5	6	7	10	11	6	4	3	4	7	4	8	7	5	12	7	3	4	5	1	9	6	9	2	4	5	1	6	5	6	11	17	1	11	19	11	38	7	7	8	2	1	13	6	2	8	11	12	6	10	4	16	8	11	2	6	9	9	2	4	9	11	6	4	7	5	4	11	2	9	6	7	7	6	5	7	8	13	4	14	27	21
d__Bacteria|p__Proteobacteria|c__Gammaproteobacteria|o__Cardiobacteriales	0	1	2	1	1	2	2	1	1	0	1	1	0	0	0	1	1	1	2	1	0	3	1	0	1	0	0	3	1	0	1	1	2	2	2	3	1	3	3	0	0	0	0	10	1	0	0	1	1	0	0	1	1	1	1	1	1	1	1	1	0	0	1	2	1	0	1	1	0	0	2	1	0	1	0	0	1	0	2	1	0	0	0	1	0	1	2	0	3
d__Bacteria|p__Proteobacteria|c__Gammaproteobacteria|o__Chromatiales	4	5	7	7	2	5	11	3	11	2	6	5	10	2	4	2	1	4	5	4	4	8	6	0	7	6	6	7	4	4	8	9	6	7	2	8	3	10	3	9	3	20	11	15	9	5	9	5	1	3	4	4	0	2	10	11	6	3	15	8	4	4	21	6	4	5	6	8	10	8	4	10	26	9	11	7	8	9	2	7	10	16	10	7	6	2	9	28	7
d__Bacteria|p__Proteobacteria|c__Gammaproteobacteria|o__Enterobacteriales	410	229	975	72	147	11800	9879	5914	28	3059	59	2565	92	105	3545	88	151	569	1103	950	677	89	93852	76	1286	605	33	75	48	46915	192609	45	22	188	15292	102	2501	7042	83018	2926	179	104	176	369077	1178	6075	12784	1177	5525	80	150	22	23	706	102	1320	36792	6349	908	114635	103	14799	449	1991	215	144	95	33	1743	803	1986	2936	58	724	16227	26	146	11794	345	27	1788	211	444	224	19194	9	77	11003	1730
d__Bacteria|p__Proteobacteria|c__Gammaproteobacteria|o__Legionellales	0	0	0	1	0	0	0	0	0	0	0	0	0	1	0	0	0	0	0	2	0	2	0	0	0	1	0	0	0	0	0	0	0	0	0	0	0	0	0	0	0	0	0	1	1	0	0	0	0	1	2	0	0	0	0	3	0	0	1	1	0	0	0	0	0	0	2	0	0	0	0	0	0	0	0	0	0	0	0	0	0	0	1	0	0	0	0	2	0
d__Bacteria|p__Proteobacteria|c__Gammaproteobacteria|o__Methylococcales	0	0	1	1	0	0	1	0	4	2	0	2	0	0	0	1	1	0	2	0	1	4	1	0	0	2	3	0	6	0	1	1	3	4	3	0	0	2	0	1	0	9	1	0	0	1	0	0	0	3	0	1	0	1	3	2	1	1	0	3	1	3	6	0	0	2	1	2	0	0	0	1	4	1	0	1	12	0	2	1	0	0	1	2	2	0	2	3	5
d__Bacteria|p__Proteobacteria|c__Gammaproteobacteria|o__Oceanospirillales	3	3	2	1	2	0	5	0	4	1	3	4	3	0	4	0	2	2	5	2	0	1	7	1	5	5	2	7	6	2	1	0	1	2	3	2	0	5	1	5	2	12	5	1	5	1	10	2	2	4	1	1	0	0	0	2	4	3	3	1	4	0	3	1	4	3	3	4	2	1	1	2	9	0	2	5	4	3	0	0	1	5	2	1	1	1	2	13	4
d__Bacteria|p__Proteobacteria|c__Gammaproteobacteria|o__Pasteurellales	58	17	10	16	404	13	5	29	11	138	205	17	25	59	29	6	35	4	293	88	502	27	507	110	12	16	7	17	12	10	209	46	9	129	12	13	6	62	20	69	281	5	12	520	6	203	23	15	11	263	10	2	27	292	141	385	4	336	586	541	810	7	8	8	22	34	11	24	9	107	146	17	13	203	15	41	14	18	6	6	46	21	58	29	247	9	9	67	380
d__Bacteria|p__Proteobacteria|c__Gammaproteobacteria|o__Pseudomonadales	18	17	8	7	21	19	12	15	24	135	19	46	26	5	12	31	15	16	27	21	27	26	16	18	17	16	18	23	24	16	10	19	23	36	79	12	3	28	15	17	17	65	123	23	553	19	19	23	6	40	8	11	11	5	18	51	18	62	23	103	41	21	30	160	11	11	10	21	10	7	18	12	54	15	30	16	22	24	6	8	14	20	22	7	26	4	28	110	19
d__Bacteria|p__Proteobacteria|c__Gammaproteobacteria|o__Thiotrichales	0	1	2	4	1	0	0	2	3	4	2	4	2	0	1	2	2	1	2	1	0	4	3	1	3	1	0	6	0	2	3	0	0	1	2	1	0	2	3	1	1	2	0	8	2	0	1	1	0	2	1	1	2	2	1	0	1	0	3	1	6	0	3	2	1	3	2	1	2	1	1	5	2	1	4	0	0	1	0	2	2	0	1	0	3	5	0	1	8
d__Bacteria|p__Proteobacteria|c__Gammaproteobacteria|o__Vibrionales	5	12	2	4	6	7	1	6	5	4	2	7	3	2	4	8	3	2	5	11	3	8	5	2	6	3	0	10	4	2	5	1	6	3	2	5	8	2	4	1	4	5	5	2	2	6	4	9	6	1	3	6	5	1	0	0	3	2	7	3	3	0	6	2	7	0	5	1	7	4	1	8	6	2	10	2	7	2	3	1	4	0	6	7	4	2	4	12	2
d__Bacteria|p__Proteobacteria|c__Gammaproteobacteria|o__Xanthomonadales	7	2	1	5	4	5	7	3	6	2	4	12	4	4	1	5	4	5	4	3	2	7	1	0	5	1	6	6	2	3	3	10	4	8	4	2	3	15	8	3	2	14	12	10	8	3	8	4	1	6	3	0	4	3	2	7	4	2	3	8	2	7	18	4	3	6	3	9	8	2	1	5	13	5	11	0	6	11	3	4	7	1	13	9	6	0	6	35	7
d__Bacteria|p__Spirochaetes|c__Spirochaetia|o__Spirochaetales	45	48	65	63	56	54	120	116	32	71	29	68	53	47	17	41	46	61	38	60	21	177	32	42	36	75	32	62	97	28	46	34	10	52	37	55	12	32	89	12	65	48	50	7	148	37	28	53	31	45	18	7	15	75	145	45	9	33	42	51	37	72	41	21	71	27	50	38	40	103	41	90	50	183	52	29	31	56	14	15	40	29	58	15	38	13	78	34	67
d__Bacteria|p__Synergistetes|c__Synergistia|o__Synergistales	3	5	5	2	5	5	20	1	5	3	4	9	5	3	0	5	1	4	3	1	1	2	2	2	4	4	5	10	3	7	4	4	3	5	3	11	0	12	2	1	2	17	7	0	8	5	9	5	1	3	12	3	4	2	2	3	4	1	12	5	1	2	15	3	3	11	3	4	9	0	8	2	4	7	4	0	9	8	3	4	2	0	3	5	6	1	3	15	5
d__Bacteria|p__Tenericutes|c__Mollicutes|o__Acholeplasmatales	6	5	2	4	2	4	4	1	2	7	2	2	20	3	13	2	2	1	3	4	1	7	1	7	5	10	4	16	3	1	1	4	6	4	4	6	7	4	3	0	5	4	7	28	8	4	4	1	5	9	20	0	5	4	3	7	7	5	2	12	3	2	1	2	8	11	4	5	0	4	10	7	2	4	12	0	2	5	4	3	12	2	7	2	3	11	5	3	15
d__Bacteria|p__Tenericutes|c__Mollicutes|o__Entomoplasmatales	5	0	0	1	2	0	0	0	2	0	2	0	1	0	4	1	3	0	1	4	0	3	0	2	1	3	0	10	2	0	0	0	1	0	0	0	1	0	1	0	2	0	2	1	3	2	0	0	2	2	0	2	2	0	1	3	0	0	1	2	0	0	0	3	2	2	0	0	0	0	0	3	0	0	2	1	0	1	0	1	5	3	12	1	1	0	0	2	12
d__Bacteria|p__Tenericutes|c__Mollicutes|o__Mycoplasmatales	4	3	4	1	3	3	0	1	5	3	4	2	11	3	14	2	2	2	5	5	2	5	5	4	2	8	3	18	2	2	1	0	7	5	2	5	1	2	3	3	7	2	6	6	7	4	5	3	4	4	0	2	0	4	3	7	2	4	2	10	4	4	0	7	3	5	3	3	2	4	2	9	0	4	6	5	4	7	8	2	8	6	18	3	2	1	2	1	12
d__Bacteria|p__Thermodesulfobacteria|c__Thermodesulfobacteria|o__Thermodesulfobacteriales	0	1	0	0	0	0	0	0	0	0	0	0	0	0	1	1	0	0	0	0	0	0	0	1	0	1	0	0	0	0	0	0	0	0	0	1	0	0	0	0	0	0	0	0	0	0	0	0	0	0	0	1	0	0	0	0	0	0	0	0	0	1	0	0	0	1	0	0	0	0	0	0	0	0	0	0	0	0	1	0	0	0	1	0	0	0	0	0	1
d__Bacteria|p__Thermotogae|c__Thermotogae|o__Thermotogales	3	3	3	2	0	2	7	5	2	0	0	2	0	0	5	0	3	0	0	2	2	4	0	4	2	3	7	3	0	1	0	0	6	2	2	6	0	1	4	1	1	2	4	1	7	3	8	1	1	4	3	0	2	1	5	3	0	1	9	2	4	0	2	2	4	0	2	2	3	4	2	0	3	1	5	2	2	0	1	0	3	1	4	0	0	0	1	1	10
d__Bacteria|p__Verrucomicrobia|c__Opitutae|o__Puniceicoccales	0	0	0	0	1	0	1	0	1	0	0	1	4	0	0	0	0	0	0	0	0	1	0	0	0	1	3	0	0	1	0	0	0	1	0	1	0	0	0	1	0	2	0	0	0	1	0	0	0	0	1	0	0	0	0	0	1	0	1	0	0	0	0	3	0	0	0	0	3	0	0	1	0	0	0	3	2	0	0	1	1	2	0	0	0	0	0	1	1
d__Bacteria|p__Verrucomicrobia|c__Verrucomicrobiae|o__Verrucomicrobiales	1708	14	6885	3	3	1	12067	1063	12	4	13	5065	1165	10	17772	1032	172	60	925	284	26	82	1279	31	1	50	11	316	4133	4284	678	5778	7557	296	10	39	1797	143	16	12	5	9316	9	56	168	675	7	4	303	15	7438	7	3	6	50	2445	1119	215	641	22	320	3851	8	12483	27	343	12	8633	6600	13442	25251	0	5	32	10011	5	13337	2941	5	0	205	61	18	327	0	8	5272	1678	5623
d__Bacteria|p__Verrucomicrobia|o__Methylacidiphilales	0	0	0	0	0	0	0	0	0	0	0	0	0	0	0	0	0	0	0	1	0	0	0	0	0	0	0	0	0	1	1	0	0	0	0	0	0	0	0	0	0	0	0	0	0	0	0	0	0	0	0	0	0	0	0	0	0	0	0	0	0	0	0	0	0	0	0	0	1	0	0	0	0	0	0	0	0	0	0	0	0	0	0	0	0	0	0	0	0
d__Viruses|o__Caudovirales	18	4	1	0	502	9	130	28	2	5	1	4	67	1866	2	0	1	1	9	4	0	0	53	59	1	3	2	6	6	55	75	3	1	1	26	10	5	135	232	1	534	0	1	258	3	1	39	1	7	0	2	1	404	2	3	3	4035	136	3	11	6	5	1	114	12	0	3	0	4	2	3	17	3	10	10	0	1	7	53	0	1	4	1	2	8	0	0	1	3
d__Viruses|o__Herpesvirales	0	0	0	0	0	0	0	0	0	0	0	0	0	0	0	0	0	0	0	0	0	0	0	0	0	0	0	0	0	0	0	0	0	0	0	0	0	0	0	0	0	0	0	1	0	0	0	0	0	0	0	0	0	0	0	0	0	0	0	0	0	0	0	0	0	0	0	0	0	0	0	0	0	0	0	0	0	2	0	0	0	0	0	0	0	0	0	0	0
