order	MMRS11288076ST	MMRS11664448ST	MMRS11932626ST	MMRS12272136ST	MMRS14379078ST	MMRS14602194ST	MMRS15137911ST	MMRS16644320ST	MMRS17603756ST	MMRS17963147ST	MMRS18295921ST	MMRS20257302ST	MMRS21365932ST	MMRS24340226ST	MMRS25211151ST	MMRS25641480ST	MMRS29805707ST	MMRS31306426ST	MMRS32573774ST	MMRS33294861ST	MMRS34525504ST	MMRS34569532ST	MMRS35808664ST	MMRS36405092ST	MMRS38861560ST	MMRS38954404ST	MMRS39415781ST	MMRS39582183ST	MMRS40913371ST	MMRS41266697ST	MMRS41711735ST	MMRS42570301ST	MMRS42780924ST	MMRS43563715ST	MMRS43939546ST	MMRS44197125ST	MMRS44203591ST	MMRS44587603ST	MMRS47662059ST	MMRS47685461ST	MMRS48639115ST	MMRS51307502ST	MMRS51410669ST	MMRS51728985ST	MMRS51737257ST	MMRS54246132ST	MMRS54316675ST	MMRS55294627ST	MMRS56137463ST	MMRS57276462ST	MMRS57569834ST	MMRS59699117ST	MMRS61683006ST	MMRS62192467ST	MMRS62376181ST	MMRS62666492ST	MMRS64281211ST	MMRS64281551ST	MMRS65205033ST	MMRS65742083ST	MMRS65862658ST	MMRS65945127ST	MMRS66868025ST	MMRS67096717ST	MMRS67690541ST	MMRS68630931ST	MMRS68910755ST	MMRS71238091ST	MMRS71762412ST	MMRS72802364ST	MMRS72980899ST	MMRS73787048ST	MMRS77018926ST	MMRS77321055ST	MMRS77487595ST	MMRS78791111ST	MMRS79893829ST	MMRS80093644ST	MMRS81130264ST	MMRS81135225ST	MMRS81671217ST	MMRS84085284ST	MMRS84159866ST	MMRS84954772ST	MMRS85382779ST	MMRS85438660ST	MMRS85548821ST	MMRS86168210ST	MMRS95277876ST
Acholeplasmatales	0	0	7	0	0	2	0	4	0	1	0	0	6	0	0	3	0	1	0	12	0	0	0	0	0	5	0	3	0	0	0	1	3	0	0	0	0	5	3	0	1	9	0	0	1	0	0	0	0	1	0	0	0	0	0	0	0	0	0	13	0	0	0	5	1	0	0	0	0	7	0	2	0	5	1	7	0	2	0	0	8	0	6	0	1	0	0	0	1
Acidimicrobiales	0	0	0	0	0	0	1	0	0	0	0	0	0	0	1	0	0	0	0	0	0	0	0	0	0	0	0	0	0	0	0	0	0	0	0	0	0	0	0	0	0	1	0	0	0	0	0	0	0	0	0	0	0	0	0	1	0	0	0	0	0	0	0	0	0	0	1	1	0	0	0	0	0	0	0	0	1	0	0	0	1	0	0	0	0	0	0	0	0
Acidithiobacillales	0	0	1	0	0	0	0	2	0	0	0	0	1	0	0	0	0	0	0	0	0	1	0	3	0	0	1	3	0	0	0	0	0	0	1	0	0	0	0	0	0	0	1	0	0	0	1	1	0	0	0	0	0	0	2	0	0	0	0	0	0	0	1	0	0	0	0	0	0	0	0	0	0	1	0	1	6	1	0	0	0	0	0	0	0	0	0	0	2
Acidobacteriales	2	0	4	0	0	3	0	0	0	2	1	2	1	0	0	1	3	1	1	1	2	5	2	1	0	2	0	1	0	1	1	1	1	3	1	8	1	7	1	3	1	8	1	0	1	2	1	3	1	3	0	0	0	3	4	0	1	0	2	0	1	1	1	1	0	1	0	3	1	0	0	3	2	4	2	0	1	2	0	2	6	0	4	0	3	0	1	10	0
Actinomycetales	5	9	16	15	6	12	7	12	2	19	7	5	12	25	13	13	10	11	6	5	6	4	6	4	7	15	6	4	14	6	8	28	22	5	14	11	4	66	15	6	9	1	7	1	5	6	11	12	8	2	10	18	4	1	21	4	25	1	8	4	9	3	16	7	5	5	5	20	10	5	42	9	5	18	11	4	81	22	5	6	5	9	7	11	11	18	11	1	25
Aeromonadales	4	6	16	8	2	2	2	8	12	1	3	6	1	8	6	2	4	12	24	1	2	2	1	3	7	6	3	5	12	0	1	4	0	3	1	6	0	8	1	0	2	7	3	59	9	5	45	181	0	3	2	9	3	43	8	2	5	6	0	2	4	0	16	3	8	2	0	2	1	4	1	4	14	5	207	4	7	4	0	5	1	1	5	5	2	1	1	26	2
Agaricales	0	0	0	0	0	0	0	0	0	0	0	0	0	0	0	0	0	0	0	0	0	0	0	0	0	0	0	0	0	0	0	0	0	0	0	0	0	0	0	0	0	0	0	2	0	0	0	0	0	0	0	0	0	0	0	0	0	0	0	0	0	0	0	0	1	0	0	0	0	0	0	0	0	0	0	0	0	0	0	0	0	0	0	0	0	0	0	0	0
Alteromonadales	3	2	4	1	0	0	0	1	0	4	5	0	0	0	2	13	1	0	0	1	0	7	0	1	4	0	0	2	3	0	1	2	0	1	0	0	0	0	5	0	2	6	1	2	0	0	0	1	0	2	3	0	0	0	1	1	0	0	0	2	0	0	1	7	2	0	1	3	7	1	0	2	0	0	1	2	1	0	0	2	0	2	4	4	5	0	0	2	2
Anaerolineales	0	0	0	0	0	0	0	0	0	0	0	0	0	0	0	0	0	0	0	1	0	0	0	0	0	0	0	1	0	0	0	0	0	0	0	0	0	0	0	0	0	1	0	0	0	0	0	0	0	0	0	0	0	0	0	0	0	0	0	0	0	0	0	0	0	0	0	0	0	0	1	0	0	0	0	0	0	0	0	0	0	0	0	0	0	1	0	0	0
Aquificales	1	0	1	0	0	0	0	1	0	0	0	0	1	0	1	0	0	0	1	0	0	2	1	1	0	0	1	0	0	0	0	0	1	5	0	0	0	0	0	0	0	0	0	0	0	1	0	0	0	0	0	0	0	0	0	0	2	2	0	0	0	0	0	0	1	1	0	0	0	0	0	0	0	0	0	0	0	0	0	0	0	0	1	0	0	0	0	0	0
Bacillales	71	63	33	58	70	48	92	256	45	94	74	77	103	49	31	87	41	25	83	69	44	46	24	84	75	66	21	77	34	38	32	29	119	54	54	191	22	102	57	24	108	275	101	1394	60	80	73	83	47	111	61	46	67	131	24	88	18	50	372	92	55	25	191	102	140	43	113	47	43	31	56	62	82	114	128	84	97	86	27	49	151	97	66	52	50	16	5	86	81
Bacteroidales	225714	178502	203977	261717	321135	195726	188680	192232	377924	213482	127532	141530	134865	301260	300072	144073	256457	309081	164907	204504	112686	92329	123121	179065	228974	172923	251754	78040	374643	425888	321417	262161	273068	180454	228707	324536	607085	105242	200319	510562	253033	51406	97193	4134	132683	76116	117534	322414	420631	68778	419024	541255	411561	359856	296171	114180	462761	189244	105592	72346	110730	13823	65410	177668	134131	294762	450040	266929	202224	256506	264534	197102	58559	173934	110756	118195	190112	218378	425741	261797	57105	285571	73088	272285	188621	382773	300577	28549	78497
Bacteroidetes Order II. Incertae sedis	0	1	0	1	1	0	0	0	5	1	3	2	4	0	1	0	0	0	1	1	1	15	0	0	1	2	1	3	2	0	1	0	0	1	0	1	0	0	0	2	3	2	0	0	0	1	1	0	0	1	3	0	0	1	2	2	0	1	1	3	6	19	2	1	3	0	0	2	0	0	1	1	0	0	0	0	1	4	1	1	1	2	10	2	1	0	1	2	6
Bangiales	0	0	0	0	0	0	0	0	0	1	3	0	0	4	0	0	0	0	0	9	0	17	0	0	0	1	0	25	0	0	0	4	0	0	0	11	0	0	0	0	0	2	0	6	10	0	7	0	0	0	0	0	0	0	1	0	15	0	0	0	1	0	0	0	0	0	4	0	0	0	0	0	13	0	8	0	0	0	0	0	0	0	0	0	0	0	0	16	13
Bdellovibrionales	0	0	1	0	2	0	0	1	0	0	0	0	0	0	0	0	0	0	0	0	0	0	0	1	0	0	3	0	0	0	0	0	0	0	0	0	0	0	0	0	0	0	0	0	2	0	0	0	0	1	0	0	1	1	0	0	0	0	0	0	0	0	0	0	0	0	0	0	0	0	0	0	0	2	1	0	0	0	0	0	0	1	0	1	0	1	0	0	0
Bicosoecida	0	0	0	0	0	0	0	0	0	0	0	0	0	0	0	0	0	1	0	0	0	0	0	0	0	0	0	0	0	0	0	0	0	0	0	0	0	0	0	0	0	0	0	0	0	0	0	1	0	0	0	0	0	0	0	0	0	0	0	0	0	0	0	0	0	0	0	0	0	0	0	0	0	0	0	0	0	0	1	0	0	0	0	0	0	0	0	0	0
Bifidobacteriales	234	85	3514	764	4254	166	584	12752	123	113	2223	264	505	75	426	6623	1159	281	293	3513	1487	1162	325	25966	7405	1493	180	2057	9168	109	3019	329	217	4057	146	13297	943	560	225	1638	5296	938	4050	1280	171	438	5686	23864	1674	150	1556	169	81	249	2081	875	82	95	4461	161	309	70	471	107579	112	2956	157	498	238	140	6296	6800	220	7102	546	1368	189	464	5945	485	207	6980	723	99	763	300	770	94	6636
Blastocladiales	1	9	1	6	0	2	3	5	7	4	22	7	3	2	4	0	1	8	4	1	15	11	7	3	2	2	3	4	2	5	0	13	8	6	2	4	1	14	3	0	4	8	10	0	13	12	17	3	3	6	8	1	4	0	8	6	1	15	32	13	8	2	11	3	7	7	1	8	0	4	3	4	16	2	1	5	20	5	1	11	7	6	6	3	6	3	3	13	11
Brachyspirales	0	1	2	10	0	0	0	0	1	0	0	23	3	0	1	0	1	51	0	0	1	102	0	0	1	0	1	0	0	9	0	0	14	1	0	0	0	0	0	2	1	0	0	0	0	0	0	0	2	0	0	0	0	3	0	0	0	1	1	0	1	0	0	1	2	0	3	2	0	3	1	3	0	1	1	0	0	0	1	0	1	1	62	1	0	2	0	0	1
Bryopsidales	0	0	0	0	0	0	0	0	0	0	0	0	0	0	0	0	0	0	0	0	0	0	0	0	0	0	0	0	0	0	0	0	0	0	0	1	0	0	0	0	0	0	0	0	0	9	0	0	0	0	0	0	0	0	0	0	0	0	0	0	0	0	0	0	0	0	0	0	0	0	0	0	0	0	0	0	0	0	0	0	0	0	0	0	0	0	0	0	0
Burkholderiales	50	178	90	235	119	32	69	121	375	119	425	265	73	33	17	60	36	65	74	100	331	412	183	64	73	43	19	166	115	61	112	146	144	140	39	54	9	205	64	30	64	288	242	3366	167	218	79	146	86	283	108	45	29	49	275	57	172	57	184	83	128	27	96	81	107	98	43	152	175	62	58	46	205	73	253	188	184	67	137	131	84	216	154	137	268	25	65	265	339
Caldilineales	0	0	0	0	0	0	0	0	0	0	0	0	0	0	0	0	0	0	0	0	0	1	0	0	0	0	0	1	0	0	0	0	0	0	0	0	0	0	0	0	0	0	0	0	0	0	0	0	0	0	1	0	0	0	0	0	0	0	0	2	0	0	3	0	0	0	0	0	0	0	0	1	0	0	1	0	0	0	0	0	0	1	0	0	0	0	0	0	0
Campylobacterales	85	71	66	124	68	40	36	45	56	73	37	41	46	137	52	49	56	249	48	174	19	68	35	258	60	179	82	65	60	309	44	64	22	48	77	51	20	68	63	74	134	240	61	161	121	33	147	149	24	86	18	122	21	597	61	63	54	31	584	81	120	1217	56	30	56	36	33	96	26	88	35	69	56	284	60	44	182	14	34	66	47	20	48	38	53	18	194	19	56
Cardiobacteriales	0	0	0	1	0	0	0	0	0	0	0	0	0	0	0	0	0	0	0	0	0	1	0	0	0	0	0	0	0	0	0	0	0	0	1	0	0	1	0	0	0	0	0	0	0	0	0	0	0	0	0	0	0	0	0	1	0	0	0	0	0	0	0	1	0	0	0	0	0	1	0	0	0	0	0	0	0	0	0	0	0	0	0	0	0	0	0	0	0
Catenulisporales	0	0	0	1	4	0	1	1	0	0	0	0	0	0	0	1	0	0	0	0	0	0	0	0	0	2	0	0	0	0	0	0	0	0	1	0	0	0	0	2	3	13	0	0	0	0	2	0	0	1	0	0	0	0	0	3	0	0	0	0	0	0	10	5	0	0	0	0	0	0	0	5	4	0	3	1	0	1	0	0	0	6	5	0	1	0	2	3	0
Caudovirales	25	9	4	1	543	2	142	36	6	8	1	6	67	1933	1	1	0	0	3	6	0	0	84	59	2	5	1	0	10	44	43	1	0	0	4	10	8	129	69	1	563	0	2	243	2	0	44	1	9	0	0	6	429	2	3	0	3966	300	4	226	16	7	0	107	13	0	1	0	7	3	1	16	4	1	20	0	1	1	73	0	1	7	0	2	10	0	0	2	1
Caulobacterales	4	0	3	3	0	3	6	0	4	0	3	0	9	2	1	1	0	1	2	5	1	6	4	2	0	3	0	6	2	1	0	13	2	1	1	0	0	5	1	3	2	16	2	5	6	8	6	1	3	6	0	1	1	1	0	8	1	1	2	0	1	3	11	1	4	2	0	8	2	2	3	0	7	4	7	5	8	4	0	2	0	3	2	0	0	0	1	12	6
Cellvibrionales	1	0	2	0	0	0	0	0	0	0	0	0	0	0	0	0	0	0	0	0	0	0	0	0	0	0	1	0	0	0	0	1	0	0	0	0	0	0	0	0	0	2	1	0	0	0	0	0	0	1	0	0	0	0	1	0	0	0	0	0	0	0	0	0	0	0	0	0	0	0	0	0	1	0	0	0	0	0	0	0	0	0	0	0	0	0	0	1	1
Chaetophorales	0	0	0	0	0	0	0	0	0	0	0	0	0	0	0	0	0	0	0	0	0	0	0	0	0	0	0	0	0	0	0	0	0	0	0	0	0	0	0	0	0	0	0	1	0	0	0	0	0	0	0	0	0	0	0	0	0	0	0	0	0	0	0	0	0	0	0	0	0	0	0	0	0	0	0	0	0	0	0	0	0	0	0	0	0	0	0	0	0
Chattonellales	0	0	0	0	0	0	0	0	0	0	0	0	0	0	0	0	0	0	0	0	0	0	0	0	0	0	0	0	0	0	0	0	0	0	0	0	0	0	0	0	0	0	0	2	0	0	0	0	0	0	0	0	0	0	0	0	0	0	0	0	0	0	0	0	0	0	0	0	0	0	0	0	0	0	0	0	0	0	0	0	0	0	0	0	0	0	0	0	0
Chlamydiales	0	0	0	0	0	0	0	0	0	0	0	0	0	0	1	0	0	0	0	0	0	0	0	0	0	0	0	0	0	0	0	0	0	0	0	0	0	0	0	0	0	0	2	0	0	0	0	0	0	0	0	0	0	0	0	0	0	0	0	0	0	0	0	0	0	0	0	0	0	0	0	0	0	0	1	0	0	0	0	0	0	0	0	1	0	0	0	0	0
Chlamydomonadales	0	0	0	0	0	0	0	0	0	0	0	0	0	0	0	0	0	0	0	1	0	0	0	0	0	0	0	0	0	0	0	0	1	0	0	0	0	0	0	0	0	0	0	0	0	0	1	0	0	0	0	0	0	0	0	0	0	0	0	0	0	0	0	0	0	0	0	0	0	0	0	0	0	0	0	0	0	1	0	0	0	0	0	0	0	0	0	0	0
Chlorellales	0	0	1	1	0	0	0	0	0	0	0	0	0	0	5	2	0	3	0	5	0	0	0	0	1	0	0	6	0	0	0	0	0	0	0	0	0	0	1	0	0	1	0	0	0	1	0	0	0	0	13	0	0	0	0	0	0	0	0	0	1	1	3	0	0	0	0	0	3	0	0	0	0	0	0	0	0	0	0	2	0	0	0	0	0	0	0	1	9
Chlorobiales	2	0	1	1	2	1	3	0	0	3	0	3	3	1	2	3	2	1	1	1	5	4	3	0	0	4	3	2	1	4	0	1	2	0	0	1	0	4	1	0	0	3	1	0	2	1	2	3	0	3	1	1	0	2	0	1	2	0	5	0	1	4	6	3	0	0	0	1	1	2	0	0	11	0	3	3	1	5	0	1	3	0	7	0	1	2	2	6	4
Chloroflexales	1	0	0	0	0	1	0	0	2	0	0	0	1	0	0	0	0	0	0	1	0	1	1	0	0	0	0	10	0	4	2	0	0	0	0	0	0	0	0	0	0	1	0	0	0	1	0	0	0	0	0	0	0	0	0	0	0	0	0	0	0	0	0	0	0	1	0	0	0	0	0	0	0	0	0	0	0	0	0	0	1	0	0	0	0	0	0	2	0
Choanoflagellida	0	0	4	0	0	0	0	0	0	0	0	1	0	0	0	99	20	1	0	0	0	0	0	1	0	0	0	1	0	0	0	0	0	1	0	0	0	0	0	6	0	0	0	11	11	0	0	0	0	1	0	0	0	0	1	0	0	44	0	1	2	2	0	0	0	0	0	1	0	3	0	10	0	5	0	0	0	0	0	0	1	0	1	0	0	0	0	0	0
Chromatiales	1	0	1	1	1	0	8	0	5	1	1	5	3	0	5	6	0	4	7	2	4	9	2	7	8	0	0	11	0	6	5	1	0	6	0	0	0	6	10	0	4	18	0	9	0	2	0	4	1	12	0	0	2	0	10	0	0	4	8	3	4	1	3	4	0	1	3	4	1	1	6	2	3	2	6	3	0	5	0	3	12	4	4	1	6	0	0	33	2
Chromulinales	0	0	0	0	0	0	0	0	0	0	0	0	0	0	0	1	0	0	0	0	0	0	0	0	0	0	0	1	0	0	0	0	0	0	0	0	0	0	0	0	0	0	0	0	0	0	1	0	0	0	0	0	0	0	0	0	0	0	0	0	0	0	0	0	0	0	0	0	0	0	0	0	1	0	0	0	0	0	0	0	0	1	0	0	0	0	0	0	0
Chroococcales	2	0	5	6	1	5	4	0	0	0	0	4	9	1	5	2	0	2	6	6	6	11	1	2	2	1	3	4	9	4	2	3	0	1	1	1	0	2	0	0	2	10	5	4	6	1	14	2	1	3	0	0	0	5	6	3	2	2	0	11	2	1	6	1	2	0	0	2	6	0	0	0	7	10	5	4	3	2	0	5	7	3	6	5	3	1	2	12	10
Chrysiogenales	1	0	0	0	0	0	0	0	0	0	2	0	1	0	0	0	0	0	1	0	0	0	0	0	0	0	0	3	0	1	0	6	0	0	0	0	0	0	1	0	0	0	1	0	0	0	0	0	0	0	0	0	0	0	0	1	0	0	0	0	0	0	3	1	0	0	0	0	0	0	0	0	0	4	0	1	0	1	0	0	0	0	2	0	0	0	0	0	2
Clostridiales	133599	100080	106591	131286	195244	141026	67002	128746	62090	88158	80221	72830	91579	75914	101069	115313	165880	37667	77917	148729	52324	63422	54252	120602	95627	86092	135158	72724	131073	59444	103883	74646	59407	94993	208180	50774	24375	74552	81672	47383	235994	63958	101734	11994	102939	72299	77222	61346	118599	104907	50704	103791	79078	74827	140166	90551	25504	73521	57692	85181	154955	154621	77364	81322	125750	95570	53293	75902	58379	94767	65981	132774	75314	160427	99080	143456	71077	69122	107131	73997	153716	55331	73626	91021	129414	77563	86756	34017	69234
Coriobacteriales	1664	943	2191	1346	121	702	95	6929	2614	1158	2486	1806	409	75	21	3975	24	795	1992	426	1742	2242	71	39	2099	115	1647	1162	299	24	34	3611	1555	3670	7864	2462	488	3440	897	3	132	483	3433	921	608	5758	3481	47	4117	2402	6040	10	2662	2350	2704	1249	11	2951	3093	137	613	68	6614	10143	2261	3782	372	3853	85	1145	6595	47	9330	86	2088	5324	33	8221	59	912	2574	7557	1317	920	2269	12	4543	3798	2352
Corynebacteriales	11	9	25	19	13	5	17	6	8	9	14	16	15	5	5	13	9	3	33	7	10	10	3	10	0	11	9	3	5	6	8	16	4	5	3	5	2	18	4	3	15	21	23	51	7	19	19	3	8	14	5	2	9	5	2	9	6	7	20	15	2	1	42	26	11	8	2	8	6	2	7	5	35	19	12	9	14	10	5	6	10	5	9	14	5	3	10	37	18
Cryptomonadales	0	1	2	0	2	0	0	0	0	0	0	0	0	1	1	0	0	0	0	3	0	0	0	2	0	1	8	1	7	0	0	1	0	2	0	0	0	0	0	2	1	2	2	0	0	1	1	3	0	0	0	0	1	0	1	1	0	1	1	0	0	2	3	0	1	1	0	1	0	0	0	0	0	2	0	0	5	0	0	1	0	6	0	0	9	0	0	0	3
Ctenocladales	0	0	0	0	0	0	0	0	0	0	0	0	0	0	0	0	0	0	0	0	0	0	0	1	0	0	0	0	0	0	0	0	0	0	0	0	0	0	0	0	0	0	0	0	0	0	0	0	0	0	0	0	0	0	0	0	0	0	0	0	0	0	0	0	0	0	0	0	0	0	0	0	1	0	0	0	1	0	0	0	0	0	1	0	0	0	0	0	0
Cyanidiales	0	2	0	0	0	0	0	0	0	0	0	0	1	1	5	3	0	1	0	2	0	5	0	0	0	0	0	0	1	3	0	0	1	1	0	0	0	0	6	0	0	0	0	0	4	0	0	0	0	0	0	0	0	0	0	0	0	2	0	1	0	0	0	0	0	0	0	0	0	0	0	0	2	0	0	0	1	0	0	0	4	0	0	0	0	2	0	0	2
Cytophagales	2	3	9	3	1	7	2	1	5	6	4	2	4	3	4	2	3	7	1	2	3	30	4	0	6	0	5	4	1	1	1	16	3	2	0	1	0	10	7	7	1	3	2	0	1	3	1	0	8	5	1	1	2	1	6	1	4	0	2	0	1	0	1	1	4	0	1	2	15	8	1	0	2	3	5	1	4	13	2	1	0	7	2	2	3	12	2	20	4
Deferribacterales	0	0	0	0	0	1	0	0	1	0	0	1	0	0	0	0	0	0	0	0	0	0	0	0	0	0	1	0	0	0	0	0	0	0	0	0	0	0	0	0	0	0	0	0	0	0	0	0	0	0	1	1	0	0	0	0	0	0	0	0	1	1	0	0	0	1	0	0	0	1	0	0	0	0	0	0	0	0	1	0	0	0	0	0	0	0	0	0	0
Dehalococcoidales	1	15	3	0	0	19	22	2	1	4	3	10	1	7	25	4	1	19	0	15	0	3	15	3	2	10	0	5	2	5	0	3	2	1	70	19	0	5	1	5	4	5	4	1	4	0	8	0	15	4	0	1	4	0	0	11	0	4	3	0	4	34	0	53	21	0	1	8	2	2	0	2	3	11	6	0	1	1	0	4	3	5	3	0	1	1	25	2	2
Deinococcales	0	1	3	3	1	2	2	0	0	1	0	2	4	1	2	3	1	1	4	2	1	4	3	0	2	2	1	1	1	1	1	2	0	1	2	0	0	3	1	0	3	16	0	0	1	0	2	1	0	0	0	0	1	0	1	7	0	1	1	1	0	0	15	8	3	0	0	2	0	2	0	2	4	1	6	1	1	6	1	0	5	0	7	1	2	1	0	7	2
Desulfarculales	14	3	2	2	4	0	4	0	2	0	1	2	2	1	0	1	0	0	2	0	0	0	1	0	0	2	0	0	0	0	0	3	0	1	0	2	0	7	1	0	1	0	3	0	5	1	0	0	0	8	0	0	0	1	0	3	0	0	15	0	0	1	0	13	1	1	1	0	0	0	0	2	0	0	2	4	0	3	0	0	5	0	9	1	0	2	0	7	10
Desulfobacterales	0	4	0	2	0	1	0	1	0	0	2	2	3	0	0	2	2	0	2	4	1	4	7	0	0	2	0	0	1	0	1	6	0	0	1	0	0	4	0	0	0	8	6	1	2	0	3	2	0	0	0	1	0	1	1	0	0	3	2	0	1	1	4	4	4	1	0	1	1	0	2	3	3	1	4	1	1	4	0	0	2	1	1	1	1	0	2	3	0
Desulfovibrionales	197	84	100	145	76	31	156	56	17	33	133	485	97	54	14	68	107	292	229	32	310	45	10	31	120	412	179	112	41	41	51	56	163	48	68	138	48	418	129	123	71	353	236	8	22	84	85	322	116	184	1	54	9	7	162	61	246	38	272	30	207	9	118	73	46	42	79	64	58	31	108	48	486	66	190	54	43	205	4	33	116	3	363	252	93	164	62	612	46
Desulfurellales	0	0	0	0	0	0	1	0	0	0	0	0	0	0	0	0	0	0	0	0	0	0	0	0	0	0	0	0	0	0	0	0	0	0	0	0	0	0	0	0	0	0	0	0	0	0	0	0	0	0	0	0	0	0	0	0	0	0	0	0	0	0	0	0	0	0	0	0	0	0	0	0	1	0	0	0	0	0	0	0	0	0	0	0	1	0	0	0	0
Desulfurobacteriales	0	0	0	0	0	0	0	0	0	0	0	0	0	0	0	0	0	0	0	0	0	0	0	0	0	0	0	1	0	0	0	0	0	0	0	0	0	0	0	0	0	0	0	0	0	0	0	0	0	0	0	0	0	0	0	0	0	0	0	0	0	0	0	0	0	0	0	0	0	0	0	0	0	0	0	0	0	0	0	0	0	0	0	0	0	0	0	1	1
Desulfurococcales	0	0	0	0	0	0	0	0	0	0	0	0	0	0	0	0	0	0	0	0	0	0	0	0	0	0	0	0	0	0	0	0	0	0	0	0	0	0	0	0	0	0	0	0	0	0	0	0	0	0	0	0	0	0	0	0	0	0	0	2	0	0	0	0	0	0	0	0	0	0	0	0	0	0	0	0	0	0	0	0	0	0	0	0	0	0	0	0	0
Desulfuromonadales	5	10	6	7	2	5	9	0	4	7	2	6	9	5	3	9	2	13	0	15	4	22	8	5	0	5	7	20	3	2	10	5	2	7	8	1	0	48	12	1	2	24	6	15	4	5	10	17	2	9	3	3	0	2	6	12	6	4	4	12	3	2	54	33	6	6	1	2	5	1	4	5	35	6	8	4	10	13	0	5	10	8	24	1	13	1	4	19	8
Dictyoglomales	2	0	0	0	0	0	0	0	0	0	0	0	0	0	2	0	1	0	0	0	0	1	0	0	0	0	0	0	0	0	0	0	0	0	0	0	0	0	0	0	0	0	0	0	0	0	0	0	1	0	2	0	0	0	0	0	1	0	0	0	0	0	0	0	0	0	0	0	0	0	0	0	0	0	0	0	0	0	0	0	0	0	0	0	0	1	0	0	1
Dictyosteliida	0	0	0	0	0	0	0	0	0	0	0	0	0	0	0	0	0	0	0	0	0	0	0	0	0	0	0	0	0	0	0	0	0	0	0	0	0	0	0	0	0	0	0	0	0	0	0	0	0	0	0	0	0	0	0	0	0	0	0	0	0	0	0	0	0	0	0	0	0	0	0	0	0	0	0	0	0	0	0	0	0	1	0	0	0	0	0	0	0
Ectocarpales	0	0	0	0	0	0	0	0	0	0	0	0	0	0	0	0	0	0	0	0	0	0	0	0	0	0	9	0	0	0	0	0	0	0	0	9	0	0	0	0	0	0	0	0	0	0	0	0	0	0	0	0	0	0	0	0	0	0	0	0	0	0	0	0	0	0	0	0	0	0	0	0	0	0	21	0	0	0	0	0	0	0	0	0	0	0	0	0	0
Eggerthellales	354	101	336	286	313	514	1768	235	479	118	285	154	495	241	100	352	373	159	241	235	72	264	52	2248	356	97	1207	93	1155	767	1894	270	185	213	1719	493	254	295	77	698	549	898	124	41	234	127	106	321	593	149	465	598	943	325	197	200	564	383	66	129	141	2684	1041	441	190	117	384	220	141	668	2113	947	229	2596	183	474	225	3012	693	46	206	2298	168	99	201	855	638	596	144
Elusimicrobiales	1	0	1	0	1	0	0	0	0	0	0	0	0	0	0	0	0	0	0	0	0	0	0	1	0	0	0	0	0	0	0	0	0	0	0	0	0	0	1	0	0	0	0	0	0	0	0	0	0	0	0	0	0	0	0	0	0	0	0	0	0	0	0	0	0	0	0	0	0	0	0	0	0	0	0	0	0	0	0	0	0	0	0	0	0	0	0	0	0
Enterobacteriales	760	362	2008	103	344	30954	22102	9932	1	3998	64	4946	226	186	9971	141	241	1096	1453	2558	829	155	182950	177	2099	983	9	82	52	104714	241393	21	1	351	29117	129	4564	8048	115411	6771	280	116	340	526528	3596	10296	27476	1486	10533	119	326	17	7	1645	144	3810	99845	14958	1119	124670	145	34636	710	4972	381	257	132	7	4549	2044	4007	6001	11	1234	38995	19	241	26089	641	22	4054	311	684	250	42387	3	85	32520	2486
Entomoplasmatales	1	0	0	0	0	0	0	0	0	0	0	0	0	0	0	0	0	0	0	6	0	4	0	0	0	1	0	0	0	0	0	0	4	0	0	0	0	0	0	0	0	0	0	8	0	0	0	0	0	0	0	0	0	0	0	0	0	0	0	0	0	0	12	0	0	0	0	0	0	4	0	0	0	0	1	0	0	0	0	4	0	0	0	0	0	0	0	0	1
Erysipelotrichales	455	161	401	217	447	429	1048	120	507	1699	201	13453	491	3436	749	373	241	269	674	199	584	193	100	756	201	148	1288	174	2240	537	217	518	509	409	2601	758	518	726	109	2122	633	112	233	355	1455	395	700	240	613	4257	509	3322	357	12023	798	441	1226	16116	2663	160	263	5177	192	560	291	597	7736	489	199	1902	10530	479	228	770	5751	597	99	2130	280	4889	784	393	263	233	1323	32647	756	168	521
Eucoccidiorida	0	0	0	0	0	0	0	0	0	0	0	0	0	0	0	1	0	0	0	0	0	0	0	0	0	3	0	0	0	0	0	0	0	0	0	0	0	0	0	0	0	0	0	0	0	0	0	0	0	0	0	0	0	0	0	0	1	0	0	1	0	0	0	0	0	0	0	0	0	0	0	0	0	1	0	0	0	0	0	0	0	0	0	0	0	0	0	0	0
Euglyphida	10	0	0	0	4	9	0	0	0	0	0	0	0	0	0	0	1	0	0	0	0	0	0	0	0	13	0	0	18	0	0	0	21	14	0	0	0	13	0	0	0	25	14	0	46	0	9	0	0	0	0	0	5	20	0	0	0	0	0	0	17	0	0	0	10	29	14	0	0	0	0	0	0	0	0	0	0	4	0	0	0	0	0	0	8	0	0	10	15
Eupodiscales	0	0	0	0	0	0	0	0	0	0	0	0	0	0	0	0	0	0	0	0	0	0	0	6	0	0	0	1	0	0	0	0	0	0	0	0	0	0	0	0	0	0	0	0	0	0	0	0	0	0	0	0	0	0	0	0	0	0	0	0	0	0	0	0	0	0	0	0	0	0	0	0	0	0	0	0	0	0	0	0	2	0	0	0	0	0	0	0	0
Eurotiales	34	47	13	23	16	9	15	43	36	22	40	44	35	8	9	18	26	25	12	21	13	16	39	21	20	21	22	52	34	79	47	34	37	18	31	5	17	61	8	0	8	84	43	220	18	38	35	24	4	24	27	5	25	26	45	20	24	34	37	179	31	17	30	23	39	12	15	34	26	14	21	16	46	42	42	18	55	11	30	11	45	18	34	30	40	2	10	73	45
Flavobacteriales	4	3	41	2	2	49	2	167	2	165	4	6	28	66	12	4	55	18	1	6	10	39	10	1	3	44	5	7	3	3	7	21	0	10	4	5	0	11	2	223	3	1	4	7	4	16	10	5	2	9	6	7	9	1	10	3	3	15	7	15	10	2	7	7	8	8	13	9	32	4	3	1	22	3	12	12	79	6	1	19	8	12	32	9	14	4	4	23	19
Frankiales	4	1	0	0	0	0	3	0	0	1	0	3	1	1	0	2	3	0	0	0	0	1	0	0	1	2	0	0	2	0	1	1	0	1	1	0	1	3	1	0	0	16	0	0	0	1	1	2	0	1	0	0	0	0	0	2	1	2	0	5	3	0	1	3	1	0	1	1	0	0	0	0	4	1	0	3	1	5	0	1	6	2	3	2	0	1	0	1	2
Fusobacteriales	27	2	4	1	58	102	795	0	670	38	58	20	4	6	23	7	0	2592	25	2	2	27	30	1	0	38	8	26	0	1	0	4	2723	3	541	424	6	0	4	0	31	0	8	596	16	6	135	44	330	20	2	3	4	159	8	42	9	4	1388	8	286	385	0	24	0	6	124	1	38	454	149	22	2	61	83	1	1	3	5	42	61	2	16	1	24	1	1	1	9
Gallionellales	0	0	0	1	1	0	0	0	0	0	0	2	0	0	0	3	1	0	5	0	0	0	0	0	5	0	0	0	0	0	0	1	3	0	0	0	0	1	1	0	6	4	4	0	0	0	0	0	0	0	0	0	1	1	0	0	0	0	0	0	0	0	0	0	2	0	0	0	0	0	0	0	0	0	0	0	0	0	0	0	0	1	0	0	0	0	0	0	0
Gemmatimonadales	0	0	0	0	0	2	0	0	0	0	0	0	3	0	0	0	0	0	2	0	0	2	0	0	0	1	0	1	1	0	0	1	0	0	1	0	0	1	0	1	0	2	0	0	0	0	0	0	0	0	0	0	0	0	0	0	0	0	1	1	0	0	0	0	0	0	0	1	1	1	0	0	0	0	0	1	0	0	0	0	0	1	0	0	0	0	0	0	0
Geodermatophilales	0	0	3	0	1	3	0	0	0	0	1	2	7	0	1	5	0	0	1	0	0	1	0	5	0	0	1	0	0	3	0	2	0	0	1	0	0	5	2	0	1	1	1	0	0	0	0	0	1	1	0	0	2	0	0	0	0	0	0	1	0	2	1	1	4	2	0	0	0	0	1	3	0	4	0	1	5	5	0	0	1	0	0	0	5	0	3	8	0
Gloeobacterales	0	0	2	0	0	0	0	3	0	0	0	1	0	0	0	0	0	0	0	0	0	0	0	0	0	0	0	1	1	0	0	0	0	0	0	0	0	4	0	0	0	4	0	1	1	0	0	1	0	1	0	0	0	0	1	1	3	0	0	0	0	0	2	0	1	1	0	0	0	4	0	0	1	1	0	1	0	1	0	0	0	1	5	2	1	0	0	0	0
Glycomycetales	0	0	0	0	0	0	0	0	0	1	0	0	0	0	0	0	0	0	0	0	0	0	0	0	0	0	0	0	3	0	2	1	0	0	5	0	0	0	0	0	0	0	0	4	0	0	1	0	0	2	0	0	0	0	0	1	0	0	2	0	0	0	1	1	0	0	0	0	0	0	0	0	0	0	0	3	0	0	0	0	0	0	0	0	0	0	0	6	0
Gracilariales	0	0	0	5	0	0	7	0	4	0	0	0	1	0	0	0	0	4	0	0	0	0	0	16	0	6	0	11	0	0	0	0	1	0	4	1	0	0	0	4	0	3	7	0	0	0	14	7	0	0	0	0	10	1	0	3	0	0	0	0	0	0	2	8	0	0	0	0	0	0	0	0	0	8	0	0	0	0	0	3	0	0	1	0	0	0	0	0	0
Haemosporida	0	0	0	0	0	0	0	0	0	0	0	0	0	0	0	4	0	0	0	0	0	0	0	0	0	0	0	0	0	0	0	0	0	0	0	0	0	0	0	0	0	0	0	1	0	0	0	0	0	0	0	0	0	0	0	0	0	0	0	0	0	0	0	0	0	0	0	0	0	0	0	0	0	0	0	0	0	0	0	0	0	0	0	0	0	0	0	0	0
Halanaerobiales	0	0	1	1	0	0	0	0	0	0	0	0	0	1	1	0	0	0	0	1	0	5	0	0	0	0	1	12	0	0	1	0	2	0	0	0	0	0	0	0	0	1	0	1	0	0	0	0	0	0	0	0	0	0	0	7	0	0	0	0	0	0	0	0	1	0	0	1	0	1	1	2	6	1	0	0	0	0	0	0	0	0	0	0	0	3	0	0	0
Halobacteriales	0	0	0	0	0	0	0	0	0	0	0	1	1	0	1	0	0	0	0	0	0	0	0	0	0	0	0	0	0	0	0	0	0	0	0	0	0	0	0	0	0	3	0	0	0	0	0	0	0	0	0	0	0	0	0	0	0	0	0	0	0	0	0	2	0	0	0	0	0	0	0	0	0	0	0	0	0	0	0	0	0	0	0	0	0	0	0	0	1
Haloferacales	0	0	0	0	2	0	0	2	0	0	0	0	0	0	0	0	0	0	0	0	0	0	0	0	0	0	0	0	0	0	0	0	0	0	0	0	0	0	0	0	0	0	0	0	0	0	0	0	0	0	0	0	0	0	0	0	0	0	0	0	0	1	0	0	0	0	0	0	0	0	0	0	0	0	0	0	0	0	0	0	0	0	0	0	0	0	0	0	0
Helotiales	0	0	0	0	0	0	0	0	0	0	0	0	0	0	0	0	0	0	0	0	0	0	0	0	0	0	0	0	0	0	0	0	0	0	0	0	0	0	0	0	0	0	0	0	0	0	0	0	0	0	0	0	0	0	0	0	0	0	0	0	1	0	0	0	1	0	0	0	0	1	0	0	0	0	0	0	0	0	0	0	0	0	1	0	0	0	0	0	0
Herpesvirales	0	0	1	0	0	0	0	0	0	0	0	0	0	0	0	0	1	0	0	0	0	0	0	0	0	0	0	0	0	0	0	0	0	0	0	0	0	0	0	0	0	0	0	0	0	0	0	0	0	0	0	0	0	0	0	0	0	0	0	0	0	0	0	0	0	0	0	0	0	0	0	0	0	0	0	0	0	2	0	0	0	0	0	0	0	0	0	0	0
Hydrogenophilales	1	2	0	0	0	1	0	0	5	0	22	0	1	0	0	0	0	1	0	0	0	0	2	0	1	0	0	1	0	0	0	0	0	11	0	0	0	0	0	0	0	2	11	3	0	0	0	0	0	8	0	0	0	0	15	0	0	0	0	1	0	0	0	0	0	6	0	0	0	0	0	2	0	2	0	0	7	0	0	1	0	0	0	2	0	0	0	0	0
Hypocreales	0	0	0	0	0	0	1	1	0	1	1	0	2	0	0	0	0	2	0	0	0	0	0	0	0	1	0	0	0	0	0	0	6	0	0	0	0	0	0	0	0	0	0	0	0	0	2	0	0	1	0	0	0	0	1	1	0	0	0	0	0	0	1	0	0	0	0	0	1	0	0	1	1	0	0	0	0	0	0	0	0	0	0	0	1	0	1	0	0
Ichthyophonida	0	0	0	0	0	0	0	0	0	0	0	0	0	0	0	0	0	0	1	0	0	0	0	0	0	0	0	0	0	0	0	0	0	5	0	0	0	0	0	3	0	0	12	2	0	0	0	0	0	7	0	0	0	0	0	0	0	0	0	0	0	8	0	0	0	0	0	0	0	0	0	0	1	1	0	0	2	0	0	0	1	0	0	0	0	0	0	0	0
Ignavibacteriales	0	0	0	0	0	0	0	0	0	0	0	0	0	0	0	0	0	0	0	0	0	0	0	0	0	0	0	0	0	0	0	0	0	0	0	0	0	0	0	0	0	0	0	0	0	0	0	0	0	0	0	0	0	1	0	0	0	0	0	1	0	0	1	0	0	0	0	0	0	0	0	2	0	0	0	0	0	0	0	0	1	0	0	0	0	0	1	0	0
Isochrysidales	0	0	0	0	0	0	0	4	0	0	0	0	0	0	0	0	0	0	0	0	0	0	0	0	0	0	0	0	0	0	0	0	0	0	0	0	0	0	0	0	0	0	0	0	10	0	0	0	0	0	0	0	0	0	0	0	0	0	0	0	0	0	0	0	0	0	0	0	0	0	0	0	0	0	0	0	6	0	0	0	0	0	0	0	0	0	0	0	16
Kineosporiales	0	1	0	0	0	3	0	0	0	0	0	0	0	7	0	1	0	1	0	0	0	0	1	0	0	4	0	0	0	0	0	0	0	0	0	1	0	2	0	0	0	1	0	15	0	0	0	4	0	0	0	0	0	3	1	0	0	0	0	0	1	0	9	5	1	0	2	0	0	3	0	0	1	3	4	0	0	0	0	0	0	1	0	0	5	0	0	2	5
Kosmotogales	0	0	0	0	0	0	0	0	0	0	0	0	0	0	0	0	0	0	0	0	0	0	0	0	0	0	0	1	0	0	0	0	0	0	0	0	0	0	0	0	0	0	0	0	0	0	0	0	0	0	0	0	0	0	0	0	0	0	0	0	0	0	0	0	0	0	0	0	0	0	0	0	0	0	0	0	0	0	0	0	0	0	0	0	0	0	0	0	0
Lactobacillales	1357	1880	1585	1841	2048	1878	6665	51875	17164	2831	5056	1150	3806	4789	2494	996	4385	792	3198	1377	2396	763	12512	1227	1639	1661	2054	1198	2155	1002	2603	1955	571	2540	2086	1387	581	37788	823	674	3408	1307	1698	285782	673	1617	3302	954	1785	6547	4972	836	1125	3815	10226	4457	883	1008	27592	1510	18732	4009	870	1657	5001	1234	1110	1734	506	1469	5067	2023	509	6860	1022	1535	828	4101	10192	530	1358	3205	1478	537	1489	1995	2435	111	1980
Legionellales	2	0	2	0	0	0	0	0	1	0	1	0	0	0	0	0	0	0	0	0	0	0	0	0	0	0	0	0	0	0	0	0	0	0	0	0	0	0	0	0	0	0	6	0	0	0	0	0	0	0	0	0	0	0	1	0	0	0	0	0	0	2	3	0	0	0	0	0	0	0	0	0	0	0	0	1	0	0	0	0	0	0	6	0	0	0	1	3	0
Lentisphaerales	0	0	0	0	0	0	0	0	0	0	0	0	0	0	0	2	3	0	0	0	0	0	0	0	0	0	0	0	0	0	0	0	0	0	0	0	0	0	0	0	0	0	0	0	1	0	0	0	0	0	0	0	0	0	0	0	0	0	0	0	0	0	0	0	0	0	0	0	0	0	0	0	0	0	0	0	0	0	0	0	0	0	0	0	0	0	0	0	0
Magnaporthales	0	0	0	0	0	0	0	0	0	0	0	0	1	0	0	0	0	0	0	0	0	1	0	0	0	0	0	0	0	0	0	0	0	0	0	0	0	1	0	0	0	0	0	0	0	0	2	0	0	0	0	0	0	0	1	0	0	0	0	1	0	0	0	0	0	0	0	0	0	0	0	0	0	0	0	0	0	0	0	0	0	0	0	0	0	0	0	0	0
Magnetococcales	0	0	0	0	0	0	0	0	0	0	0	0	0	0	0	0	0	0	0	0	1	0	0	0	0	0	0	0	0	0	0	0	1	0	0	0	0	1	0	0	0	0	1	0	0	0	0	0	0	0	0	0	0	0	0	0	0	0	0	0	0	0	0	0	0	0	0	0	0	1	0	0	2	1	0	0	0	0	0	0	0	0	0	0	0	0	0	0	0
Malasseziales	0	0	0	0	0	0	0	14	0	0	0	0	0	0	0	0	0	0	0	0	0	1	0	0	0	0	0	0	0	0	0	0	0	0	0	0	0	0	0	0	0	0	0	91	0	0	0	1	1	0	0	0	0	0	0	0	0	0	1	0	0	0	0	0	0	0	0	0	0	0	0	0	0	1	1	0	0	2	0	0	0	0	0	0	1	0	0	0	0
Mamiellales	0	0	11	1	0	0	0	0	0	0	1	0	0	0	0	0	0	0	8	0	0	0	1	0	0	0	0	0	0	0	0	0	0	0	3	2	0	0	0	0	0	12	0	0	0	1	0	0	0	11	0	0	0	0	0	0	3	0	5	0	0	0	5	0	5	0	0	1	0	1	0	1	1	0	1	0	0	6	0	0	0	0	13	1	0	0	1	7	29
Methanobacteriales	0	0	0	0	0	0	18	0	0	0	0	6	6	0	0	17	0	0	0	0	0	91	0	0	0	6	0	93	0	0	0	0	0	1	0	0	0	0	17	0	0	11	4	0	40	0	6	0	0	1	0	0	0	0	0	9	0	2	0	6	0	0	0	0	0	0	0	0	6	0	9	0	6	0	11	0	0	74	0	0	0	0	1	2	0	0	0	8	207
Methanocellales	0	0	0	0	0	0	0	0	0	0	0	1	0	0	0	0	0	0	0	0	0	0	0	0	1	0	0	0	0	0	0	0	0	0	0	0	0	0	0	0	0	0	2	0	0	0	0	0	0	0	0	0	0	0	0	0	0	0	0	0	0	0	0	0	0	0	0	0	0	0	0	0	1	0	0	0	0	0	0	0	0	0	0	0	0	0	0	0	0
Methanococcales	0	0	0	0	0	0	0	0	0	0	0	0	0	0	0	0	0	0	0	0	0	0	0	0	0	0	0	0	0	0	0	0	0	0	0	0	0	0	0	0	0	0	0	0	0	0	0	0	0	0	0	0	0	0	0	0	0	0	0	0	0	0	0	0	0	0	0	0	0	0	0	0	2	0	0	1	0	1	0	0	0	0	2	0	0	0	1	0	0
Methanomicrobiales	0	0	0	0	0	0	0	0	0	0	0	2	3	0	0	0	0	0	0	0	0	0	0	0	0	0	0	0	0	0	0	0	0	0	0	0	0	0	0	0	0	0	0	0	1	0	1	0	0	0	0	0	0	0	0	0	0	0	0	1	0	0	0	0	0	0	0	0	0	0	0	0	1	0	1	0	0	0	0	0	0	0	0	0	0	0	0	1	1
Methanopyrales	0	0	0	0	0	0	0	0	0	0	0	0	0	0	0	0	0	0	0	0	0	0	0	0	0	0	0	0	0	0	0	0	0	0	0	0	0	0	0	0	0	0	0	0	0	0	0	0	0	0	0	0	0	0	0	0	0	0	0	1	0	0	0	0	0	0	0	0	0	0	0	0	0	0	0	0	0	0	0	0	0	0	0	0	0	0	0	0	0
Methanosarcinales	0	0	0	0	0	1	0	0	0	0	0	0	0	0	0	0	0	0	0	0	0	0	0	0	0	0	0	0	0	0	0	0	0	0	0	0	0	0	0	0	0	0	0	0	0	0	0	0	0	0	0	0	0	0	0	0	0	0	0	0	0	0	0	0	0	0	0	0	0	0	0	0	0	0	0	0	0	0	0	0	0	0	0	0	0	0	0	0	0
Methylococcales	1	2	5	1	0	2	0	0	0	6	0	0	1	0	0	0	1	0	5	0	0	0	0	2	0	0	3	1	1	1	0	7	1	8	0	1	0	1	2	1	0	1	14	0	0	0	0	1	0	12	0	0	0	0	1	0	0	0	0	7	0	1	0	0	0	1	0	3	1	0	1	2	1	0	0	0	13	0	0	1	0	0	8	0	2	0	1	1	3
Methylophilales	0	9	3	5	0	3	0	0	0	0	5	9	0	0	0	0	0	6	0	0	2	4	0	0	0	0	0	0	0	0	0	2	9	0	2	0	0	0	0	0	0	0	0	6	0	0	0	7	1	0	6	0	1	7	1	0	0	12	0	1	0	0	0	0	0	0	0	4	0	4	2	0	0	1	1	8	1	0	1	0	2	1	0	5	1	0	0	0	1
Micrococcales	20	30	12	27	17	12	18	115	167	17	202	19	68	22	19	14	34	19	60	18	19	22	8	14	15	15	21	9	9	5	99	48	10	72	13	16	4	278	15	9	17	78	13	2331	30	41	28	11	8	38	44	17	12	63	178	30	3	34	203	62	42	44	119	20	43	17	2	35	6	21	16	16	42	22	16	30	9	27	1	12	9	10	25	6	29	4	11	80	23
Micromonosporales	2	1	9	3	2	0	2	5	0	0	4	1	9	2	2	4	0	0	10	0	5	1	1	3	0	0	0	0	1	4	0	3	0	2	3	6	0	2	3	2	2	7	3	3	5	0	2	0	0	6	0	2	1	0	0	7	0	2	1	3	3	0	34	1	0	1	0	3	0	0	1	5	14	5	12	1	2	4	0	1	9	2	3	1	2	0	3	15	6
Monomastigales	0	0	0	0	0	0	0	0	0	0	0	0	0	0	0	0	1	0	0	0	0	0	0	0	0	0	0	1	0	0	0	0	0	0	0	0	0	0	0	0	0	0	1	0	0	0	0	0	0	0	0	0	0	0	0	0	0	0	0	0	0	0	0	0	0	0	2	0	1	0	0	0	0	0	0	1	0	0	0	0	0	1	0	0	0	0	0	0	1
Mortierellales	0	0	0	0	0	0	0	0	0	0	0	0	0	0	0	0	0	0	0	0	0	0	0	0	0	0	0	0	0	0	0	0	0	0	0	0	0	0	0	0	0	0	0	4	0	0	0	0	0	0	0	0	0	0	0	0	0	0	0	0	0	0	0	0	0	0	0	0	0	0	0	0	1	0	0	0	0	0	0	0	0	0	0	1	1	0	0	0	0
Mucorales	1	0	0	0	0	0	0	0	0	0	1	0	0	0	0	0	0	0	0	0	0	0	0	0	0	0	0	0	0	0	0	0	0	0	0	0	0	0	0	0	0	0	0	0	0	0	0	0	0	0	0	0	0	0	0	0	0	0	0	0	0	0	0	0	0	0	0	0	0	0	0	1	0	0	0	0	0	0	0	0	0	0	0	0	0	0	0	0	0
Mycoplasmatales	10	0	1	2	1	0	0	0	1	0	0	4	2	0	4	1	0	0	1	1	0	8	0	0	0	10	0	33	1	0	2	1	1	4	0	1	0	1	1	0	2	2	7	2	4	5	6	1	0	6	0	0	0	0	0	2	2	0	0	1	2	0	0	26	3	0	1	0	0	2	0	3	9	0	1	11	0	3	0	1	6	0	11	1	0	0	0	1	26
Myxococcales	7	7	15	13	3	10	21	7	5	7	14	15	27	2	3	3	2	1	21	1	8	11	1	8	5	12	4	36	8	9	33	12	3	13	7	8	0	31	10	0	1	40	25	16	11	5	16	4	1	13	1	2	3	2	9	6	0	9	10	10	8	13	72	9	4	0	0	8	6	7	0	9	54	13	18	18	7	38	1	1	5	6	9	9	10	2	7	55	12
Nakamurellales	0	0	2	0	4	0	0	0	0	0	0	1	0	0	0	0	1	0	0	0	0	0	3	0	0	1	0	1	0	0	0	0	1	0	0	0	0	0	0	0	0	4	1	0	0	4	0	0	0	0	0	0	0	0	0	1	0	3	0	0	0	0	10	0	0	0	0	2	0	0	0	0	1	0	0	0	0	4	0	0	0	0	6	0	1	0	0	1	1
Natranaerobiales	0	0	0	0	0	0	0	1	0	0	0	0	0	0	0	0	2	0	0	2	0	0	0	0	0	0	5	0	0	1	0	1	0	0	0	0	0	0	0	0	0	0	0	0	0	0	0	0	0	0	0	0	0	0	0	0	0	0	0	0	0	0	0	0	0	0	0	0	0	0	0	0	0	0	0	0	0	0	0	0	0	0	0	2	0	0	0	0	0
Natrialbales	0	0	0	0	4	0	0	1	0	0	0	0	0	0	0	0	0	0	0	0	0	0	0	2	0	0	0	0	0	0	0	0	0	0	0	0	0	0	0	0	0	0	0	0	0	0	0	1	0	0	0	0	0	0	0	0	0	0	0	0	0	0	0	0	0	0	0	0	0	1	0	0	0	0	0	0	0	0	0	0	0	0	0	0	0	0	0	1	0
Nautiliales	0	0	0	0	0	0	0	0	0	0	0	0	0	0	0	0	0	0	0	0	0	0	0	0	0	0	0	0	0	0	0	0	0	0	0	1	0	0	0	0	0	0	3	0	0	0	0	0	0	0	0	0	0	0	0	0	0	0	0	0	0	0	0	0	0	0	0	0	0	0	0	0	0	0	0	0	0	0	0	0	1	0	0	0	0	0	0	0	0
Naviculales	0	0	4	0	0	0	0	0	0	0	0	6	0	0	0	0	0	0	1	0	0	0	2	0	0	0	0	0	0	0	0	0	0	0	0	0	0	0	0	0	0	0	0	5	0	0	0	0	0	0	0	0	0	0	0	0	0	0	0	0	0	0	0	0	0	0	0	0	0	0	0	6	0	0	0	0	0	0	0	0	0	0	9	0	0	0	0	1	0
Neisseriales	4	10	2	23	10	14	4	2	39	8	11	37	6	13	0	9	10	55	20	5	10	17	51	18	17	3	3	35	10	14	68	55	2	34	1	0	6	20	16	2	7	20	33	1060	1	18	12	4	2	47	17	2	16	132	42	11	0	14	55	73	95	4	11	7	25	10	15	20	0	11	38	0	33	37	10	24	40	6	37	30	2	55	8	30	19	0	5	63	16
Nitrosomonadales	0	0	0	0	0	0	0	0	5	0	1	0	0	0	3	0	0	0	1	0	0	6	0	3	0	0	0	1	1	0	0	2	0	0	1	0	0	7	0	0	0	3	0	68	0	0	0	1	0	0	0	0	0	0	0	0	4	2	0	0	1	0	0	0	0	0	4	0	0	0	0	1	0	1	0	0	0	0	0	5	0	0	1	0	1	0	1	0	0
Nitrospirales	0	0	1	0	1	0	1	0	1	0	0	0	0	0	0	0	0	0	0	0	0	0	2	0	0	0	0	1	0	1	0	0	0	0	0	1	0	0	0	0	0	0	0	0	4	0	0	0	0	0	0	0	0	0	0	0	1	0	0	0	0	0	0	1	0	0	0	0	0	0	2	0	1	1	0	0	0	0	0	0	0	0	0	0	0	0	0	0	0
Nostocales	0	1	0	0	0	0	0	0	0	0	1	0	0	0	0	0	0	0	0	0	0	0	0	0	0	0	1	0	3	0	0	0	0	0	0	0	0	0	0	0	0	0	0	1	0	0	0	0	0	0	1	0	0	0	0	0	0	0	0	5	8	0	0	0	0	0	0	0	0	0	0	0	0	0	0	0	0	0	0	0	0	0	0	0	0	0	0	6	3
Oceanospirillales	1	1	0	1	0	0	1	0	0	1	0	1	0	1	0	0	0	1	1	0	0	3	0	0	0	0	0	0	3	0	0	1	1	1	0	0	0	1	3	0	0	1	2	1	1	2	0	0	0	0	0	0	0	0	1	0	0	0	2	1	0	0	0	0	0	3	1	3	0	0	0	1	0	0	1	0	7	0	0	0	0	0	4	2	0	0	1	3	0
Oedogoniales	0	0	0	0	0	0	0	0	0	0	0	0	0	0	0	0	0	0	1	0	0	1	0	0	0	0	0	0	0	0	0	0	0	0	0	0	0	0	0	0	0	0	0	0	1	0	0	0	0	0	0	0	0	0	0	0	0	0	0	0	0	0	0	0	0	0	0	0	1	0	0	0	0	0	0	0	0	0	0	0	0	0	0	0	0	0	0	0	0
Onygenales	6	0	2	1	0	0	0	0	1	0	0	1	0	0	1	0	2	0	6	1	0	0	2	0	2	0	0	1	1	1	2	1	0	1	1	0	0	0	0	0	1	0	0	1	1	0	0	0	0	1	6	0	0	0	1	0	0	1	0	0	0	0	0	1	0	0	0	1	0	0	1	1	1	1	0	2	2	1	0	2	1	0	0	0	0	0	0	0	2
Opitutales	0	1	1	1	0	0	0	0	0	0	1	0	0	0	1	1	0	0	1	0	1	2	1	0	1	1	0	2	0	0	0	0	0	0	0	0	0	0	0	0	0	5	3	0	0	1	0	0	0	0	0	0	0	0	0	0	0	0	0	0	0	0	1	0	0	1	0	0	19	1	0	2	0	0	1	0	0	0	1	0	1	0	0	1	2	1	0	6	0
Oscillatoriales	0	0	1	0	0	0	1	2	0	0	0	0	3	0	0	0	4	0	0	8	0	0	0	2	0	0	0	2	0	0	4	0	0	0	0	0	0	0	0	0	4	3	0	0	0	0	2	1	0	2	0	0	0	0	1	0	0	0	1	1	0	0	1	0	0	0	0	0	0	0	0	0	0	1	0	1	0	0	0	0	0	0	3	0	0	0	0	0	1
Parvularculales	0	0	0	0	0	0	0	0	0	0	0	0	0	0	0	0	0	0	0	0	0	0	0	0	0	2	0	0	0	1	0	0	0	0	0	0	0	1	0	0	0	0	0	0	0	0	0	0	0	0	0	0	0	0	1	0	0	0	0	0	0	1	0	0	0	0	0	0	0	0	0	0	0	1	0	0	0	0	0	0	0	0	0	0	0	0	0	0	0
Pasteurellales	77	33	3	25	939	15	12	0	14	267	453	4	16	138	48	0	58	1	658	186	1059	33	1048	228	8	15	1	15	13	5	593	81	5	269	17	8	2	144	28	4	562	7	13	1236	7	440	8	34	15	563	14	2	50	651	316	776	0	715	1317	1221	1923	7	3	8	33	87	11	54	3	250	315	14	0	397	4	75	9	19	10	2	59	24	117	18	487	0	7	135	832
Pelagibacterales	0	1	1	0	0	0	0	0	0	0	1	1	1	0	0	0	0	0	1	0	0	0	0	0	1	0	0	0	0	0	0	2	0	0	1	0	0	0	0	0	0	0	0	0	0	0	0	0	0	1	0	0	0	0	0	0	0	0	0	0	0	0	0	0	0	0	0	1	0	0	0	1	0	0	1	0	0	0	0	1	0	0	0	0	0	0	0	0	0
Pelagomonadales	0	0	1	1	0	0	0	0	0	1	1	0	0	0	0	1	0	0	0	0	3	0	0	0	0	1	0	0	0	0	0	0	7	0	0	0	0	7	4	0	0	0	1	0	0	0	3	2	0	1	0	0	0	0	0	4	0	0	3	1	0	2	0	0	0	0	0	0	0	0	0	1	0	2	0	0	0	0	0	0	1	2	0	1	0	0	3	0	0
Peronosporales	2	0	6	3	0	1	0	3	2	0	0	0	0	1	0	0	0	0	40	0	1	0	0	0	0	0	0	1	3	0	0	1	0	0	1	1	1	0	2	0	0	0	3	28	2	4	0	0	0	0	0	1	0	0	0	0	0	1	2	2	6	1	0	3	3	2	2	3	0	0	0	2	0	0	0	0	0	0	0	0	0	0	6	2	0	0	2	2	0
Petrotogales	0	0	0	0	0	0	0	0	0	0	0	0	0	0	0	0	0	0	1	0	0	0	0	1	0	0	0	1	0	0	0	0	0	0	0	0	0	0	0	0	0	0	0	0	0	0	0	1	0	0	0	0	0	0	0	0	0	0	0	0	0	0	0	0	0	0	0	0	0	0	0	0	0	0	1	0	0	0	0	0	0	0	0	0	0	0	0	0	0
Phycisphaerales	2	0	0	0	0	0	0	0	0	0	0	0	0	0	1	0	0	0	1	0	0	2	0	0	0	0	0	1	1	0	6	0	0	0	0	0	0	2	0	0	0	0	0	0	0	0	1	0	0	1	0	0	3	0	0	0	0	0	0	1	0	0	1	0	0	0	0	0	0	0	0	0	4	2	0	0	0	1	0	0	0	0	2	1	0	0	0	2	0
Planctomycetales	0	1	0	1	0	0	0	0	0	1	1	1	0	0	0	0	0	1	1	0	0	0	1	1	0	2	0	0	0	0	0	0	0	0	1	0	0	1	1	0	0	1	0	1	0	0	1	0	1	1	0	0	0	0	0	1	0	1	0	1	3	0	0	0	1	1	0	0	0	0	0	0	1	1	0	0	1	0	0	0	1	0	0	0	0	0	0	2	0
Pleosporales	0	0	0	0	0	0	0	0	0	0	0	0	0	0	0	0	0	0	0	0	0	0	0	0	0	0	0	0	0	0	0	0	0	0	0	0	0	0	0	0	0	0	0	0	0	0	0	0	0	0	0	0	0	0	0	1	0	0	0	0	0	0	0	0	0	0	0	0	0	0	0	0	0	0	0	0	0	0	0	0	0	1	0	0	0	0	0	0	0
Pleurocapsales	0	0	0	0	0	0	0	0	0	0	0	0	2	0	0	0	0	0	0	0	0	0	0	0	0	0	0	2	0	0	0	0	0	0	0	0	0	0	0	0	0	4	0	0	0	0	0	0	0	0	0	0	0	0	0	0	0	0	0	1	0	0	0	0	0	0	0	0	0	0	0	0	0	0	0	0	0	0	0	0	0	0	0	0	0	0	0	0	0
Polyporales	0	0	0	0	0	0	0	0	0	0	0	0	0	0	0	0	0	0	0	0	0	0	0	0	0	0	0	0	0	0	0	0	0	0	0	0	0	0	0	0	0	0	0	0	0	0	0	0	0	1	0	0	0	0	0	0	0	0	0	0	0	0	0	0	0	0	0	0	0	0	0	0	0	0	0	0	0	0	0	0	0	0	0	0	0	0	0	0	0
Prochlorales	0	0	0	0	0	0	0	0	0	0	0	0	3	0	0	0	0	0	0	1	0	1	0	0	0	0	0	0	1	0	0	0	0	0	0	0	3	0	0	0	0	0	0	0	0	0	0	0	0	0	0	0	0	0	0	0	0	0	0	1	2	0	0	0	0	2	0	0	1	0	0	0	0	0	0	0	0	0	0	0	1	0	3	0	0	0	0	0	1
Propionibacteriales	8	1	4	3	4	6	13	1	2	7	11	4	1	4	3	8	2	2	7	5	0	3	5	4	2	2	5	10	2	0	4	1	1	2	4	3	0	4	5	0	4	17	1	13	4	10	6	2	6	3	0	3	4	6	2	6	1	64	8	0	2	2	19	10	2	1	1	3	9	7	3	1	7	3	8	9	4	1	1	6	3	3	30	1	0	0	3	74	2
Pseudomonadales	14	10	3	9	22	4	3	5	3	150	5	44	2	6	3	26	6	4	31	33	20	13	15	11	0	2	7	8	22	2	2	10	10	24	83	2	1	15	18	6	18	32	133	30	687	13	5	5	4	98	1	4	0	5	14	52	10	41	12	435	61	0	6	185	4	3	5	8	0	2	3	5	13	6	13	4	11	8	3	2	5	8	20	1	12	3	15	111	8
Pseudonocardiales	0	1	2	6	1	2	12	1	0	2	1	4	2	3	0	0	1	1	7	4	1	2	0	2	2	4	0	2	0	1	3	0	4	0	7	1	0	2	0	0	0	9	0	3	5	0	0	0	0	0	0	0	0	2	0	4	0	0	6	1	0	3	21	5	3	1	0	6	1	0	1	3	17	7	1	1	7	1	0	0	0	1	1	5	0	0	0	24	4
Pucciniales	7	0	1	1	0	1	1	1	2	10	0	8	0	0	8	0	4	1	9	1	4	3	3	7	13	0	2	10	4	6	1	0	0	1	3	1	5	0	2	11	2	0	0	230	0	0	0	0	1	1	2	0	8	42	2	0	2	0	2	13	6	0	3	1	2	0	0	0	0	2	2	6	0	3	2	4	9	8	10	2	2	3	8	1	2	1	3	4	1
Puniceicoccales	0	0	0	0	0	0	0	0	0	0	0	0	0	0	0	0	0	0	0	0	0	0	0	0	0	0	0	0	0	0	0	0	0	0	0	0	0	0	0	0	0	0	0	0	0	0	0	0	0	0	0	0	0	0	0	0	0	0	0	1	0	0	0	0	0	1	0	0	0	0	0	0	0	0	0	0	0	0	0	2	0	0	0	1	0	0	0	0	0
Pyramimonadales	0	0	7	0	0	9	0	0	10	0	0	0	0	0	0	0	0	0	0	0	4	0	0	0	0	0	0	0	0	0	15	0	0	0	0	0	0	0	0	0	0	0	0	0	0	16	0	0	0	10	0	0	0	0	0	0	0	0	0	0	0	0	0	0	8	0	0	0	0	0	10	0	0	0	12	0	0	0	0	0	0	0	7	4	0	0	0	0	13
Pyrenomonadales	5	0	0	0	0	0	0	1	0	0	0	0	0	0	0	0	0	6	0	12	0	0	1	0	0	0	0	0	0	0	0	0	0	0	0	0	0	0	0	0	0	0	0	0	0	0	0	0	0	0	0	0	0	0	0	0	0	0	0	0	0	0	0	0	6	0	0	0	0	7	0	0	0	1	0	0	8	0	0	0	0	0	0	0	0	0	0	0	0
Pythiales	0	0	0	0	0	0	1	0	0	0	0	0	0	0	0	0	0	0	0	0	0	0	0	0	0	0	0	0	0	0	0	0	0	0	0	0	0	0	0	0	0	0	0	0	0	0	0	0	0	0	0	0	0	0	0	0	0	0	0	0	0	0	0	0	0	0	0	0	0	0	0	0	0	0	0	0	0	0	0	0	0	0	0	0	0	0	0	0	0
Rhizobiales	14	23	27	35	34	7	12	5	16	16	19	59	47	3	1	56	13	7	23	18	6	26	17	4	9	11	11	16	8	20	8	45	14	25	21	7	1	52	35	7	21	70	27	28	33	13	29	10	5	45	4	11	10	3	28	31	10	13	6	15	17	15	119	22	27	6	4	22	10	15	6	15	44	17	67	28	11	20	5	4	23	18	31	33	18	3	11	61	12
Rhodobacterales	4	2	10	10	2	3	4	3	1	2	3	9	20	0	0	3	13	7	9	3	5	14	2	3	3	12	9	1	2	22	3	14	0	2	2	4	0	8	4	0	1	49	4	3	8	1	5	4	0	13	0	3	4	0	2	1	0	2	3	10	1	0	11	7	5	3	3	9	0	0	1	8	16	3	4	3	11	1	3	5	0	4	9	4	8	0	0	9	9
Rhodocyclales	15	39	9	8	14	2	1	1	71	3	61	31	12	1	0	15	2	15	0	5	1	14	31	3	6	5	2	13	23	9	17	18	31	24	1	7	0	15	6	2	5	8	2	353	13	27	20	26	0	4	0	2	22	3	28	1	20	12	13	9	2	0	21	1	6	9	0	15	11	19	11	0	35	8	4	52	10	21	15	42	6	18	9	18	25	1	6	45	4
Rhodospirillales	25	9	23	23	0	25	18	22	7	6	2	17	81	0	1	17	3	18	33	0	12	20	5	16	11	5	14	30	4	10	10	59	4	22	21	10	1	24	14	14	1	103	38	7	5	37	20	4	3	15	7	3	18	1	12	49	1	10	4	12	9	6	41	6	7	9	10	12	6	2	6	8	34	11	28	3	8	55	2	24	23	32	45	40	13	2	10	74	1
Rickettsiales	0	0	0	0	0	0	0	0	0	1	0	0	3	0	1	0	1	0	0	1	0	0	0	0	0	1	4	0	1	0	0	1	0	0	0	0	0	1	0	0	0	1	1	0	0	0	0	0	0	1	0	0	1	0	0	0	0	0	0	2	1	0	0	0	3	0	0	0	0	0	0	0	0	0	0	0	0	0	0	0	0	1	0	2	0	0	0	0	0
Rubrobacterales	0	0	0	0	0	0	1	0	1	0	0	0	0	0	0	0	0	0	0	0	0	0	0	0	0	0	0	5	0	2	0	1	0	0	1	1	0	0	0	2	0	0	1	0	0	3	4	0	0	0	1	0	0	0	0	0	0	0	0	1	1	0	0	0	0	0	0	0	0	0	0	2	0	1	0	0	1	1	0	0	1	1	0	0	0	0	0	0	1
Saccharomycetales	5	3	5	14	5	0	24	131	26	3	5	5	3	29	27	8	4	2	9	8	23	2	0	4	0	12	5	4	4	0	0	14	2	4	9	5	2	2	23	0	0	1	17	0	0	3	3	16	13	8	1	17	5	3	0	13	4	387	6	54	4	2	0	19	0	0	2	14	20	19	13	12	0	5	2	3	0	2	2	4	9	4	56	22	9	2	21	2	51
Schizosaccharomycetales	0	0	0	0	0	0	0	0	0	0	0	0	0	0	0	0	0	0	0	0	0	0	0	0	0	0	0	0	0	0	0	0	0	0	0	0	0	0	0	0	0	0	0	0	0	0	0	0	0	4	0	0	0	0	0	1	0	0	0	0	0	0	0	0	0	0	0	0	0	0	0	0	0	0	0	0	0	0	0	0	0	0	0	0	2	0	0	0	0
Selenomonadales	480	248	413	232	951	120	179	10628	12149	493	792	246	336	12875	142	7474	140	1136	1359	408	586	150	1569	299	663	196	348	398	9103	163	2047	193	193	6637	579	206	169	547	513	238	642	498	157	5725	122	517	3238	11418	136	1300	3305	328	125	474	262	796	1749	486	4912	1266	4466	318	676	2183	249	912	227	180	93	623	39638	266	716	2282	305	4544	284	225	1535	219	351	145	658	54	782	335	381	470	2465
Solibacterales	0	0	0	0	0	0	0	0	0	0	0	0	0	3	0	0	0	0	1	0	0	0	0	0	1	0	0	0	0	0	0	3	0	0	0	0	0	1	0	1	0	1	1	0	0	0	0	0	0	0	1	0	0	0	0	0	0	0	0	0	2	3	0	0	0	0	0	0	0	0	0	3	0	0	2	0	0	0	0	0	0	5	0	0	0	0	0	0	0
Solirubrobacterales	0	1	0	0	3	0	6	0	1	0	0	0	0	0	1	0	0	0	0	0	0	5	0	0	0	0	0	1	1	1	0	0	0	0	0	0	0	0	1	1	0	14	1	0	2	1	1	0	0	0	1	0	0	2	0	0	0	1	0	5	0	0	0	0	0	1	0	0	6	0	1	8	0	0	5	0	1	8	0	0	0	0	2	0	0	0	1	8	0
Sordariales	60	66	65	83	53	43	93	53	48	24	108	115	150	23	25	54	55	48	109	83	54	76	87	55	64	58	47	119	59	53	106	96	61	99	56	39	9	147	87	23	71	273	89	355	121	97	90	75	38	141	71	18	48	33	77	98	59	46	53	204	79	14	165	87	74	55	26	67	52	48	40	98	209	76	117	49	79	62	91	45	89	76	114	66	94	4	43	212	102
Sphaerobacterales	0	0	1	0	0	0	1	0	0	1	0	1	0	0	0	0	0	0	0	0	0	0	0	0	0	0	0	0	0	0	1	0	0	0	0	0	0	1	0	0	0	1	0	0	0	0	2	0	0	0	0	0	0	0	0	0	0	0	0	0	0	1	0	0	0	0	0	0	0	0	0	0	3	1	0	0	1	1	0	0	0	0	0	0	0	0	0	2	0
Sphaeropleales	0	0	0	0	0	0	0	0	0	0	0	0	0	0	0	0	0	0	0	0	0	0	0	0	0	0	0	0	0	0	0	0	0	0	0	0	0	0	0	0	0	0	0	0	0	0	0	0	0	0	0	1	0	0	0	0	0	0	0	0	0	0	0	0	0	0	0	0	0	0	0	0	0	0	0	0	0	0	0	0	0	0	0	0	0	0	0	0	0
Sphingobacteriales	2	4	1	11	0	0	0	0	2	3	3	12	1	5	0	2	0	5	1	0	3	5	0	0	0	6	2	5	1	4	0	5	0	3	0	0	0	29	0	4	0	5	0	0	0	14	1	9	0	1	2	0	1	0	9	1	1	0	0	1	4	0	0	1	2	2	1	2	8	2	0	0	5	0	0	3	2	2	1	0	4	9	2	6	3	17	2	0	5
Sphingomonadales	1	1	4	8	1	0	1	0	2	6	2	2	1	2	1	2	0	2	4	1	1	2	1	3	1	3	2	4	1	7	1	3	1	5	0	1	0	3	2	3	2	2	0	1	2	0	1	3	2	0	0	1	1	0	1	7	0	13	2	1	0	2	6	10	0	3	2	0	4	0	3	1	7	4	8	3	3	2	0	1	1	1	6	6	9	0	3	4	6
Spirochaetales	212	80	98	41	46	47	361	289	13	129	91	107	161	6	92	36	88	46	22	128	16	251	10	57	125	198	18	153	45	50	33	105	8	46	197	90	12	98	193	26	46	247	67	1	115	43	20	186	13	49	19	25	17	34	24	92	11	14	53	142	49	53	251	46	78	21	69	112	198	142	59	107	129	172	103	33	176	215	28	22	49	44	38	59	59	26	318	69	146
Sporidiobolales	0	0	0	0	0	0	0	0	0	0	0	0	1	0	0	0	0	0	0	0	0	0	0	0	0	0	0	0	0	0	1	0	0	0	0	0	0	0	0	0	0	0	0	0	0	0	0	0	0	0	0	0	0	0	0	0	0	0	0	0	0	0	1	0	0	0	0	0	0	1	0	0	0	0	0	0	0	0	0	0	1	0	0	0	0	0	0	0	1
Streptomycetales	5	5	2	9	2	1	10	2	1	2	1	3	25	1	2	2	2	0	9	1	5	14	11	10	5	10	8	9	10	2	6	0	4	2	14	7	0	10	16	6	4	28	2	25	8	10	18	3	1	24	4	0	1	5	7	15	6	3	5	14	13	8	48	7	7	5	0	1	10	3	9	9	31	10	14	3	2	18	2	3	10	4	12	0	5	1	0	71	4
Streptosporangiales	0	2	8	2	4	1	4	8	0	4	7	3	4	6	2	4	1	1	4	14	7	8	4	0	3	14	0	1	3	3	3	1	3	5	2	0	0	2	1	0	1	33	11	10	1	6	6	1	0	5	4	1	1	0	2	7	4	4	4	6	2	14	50	8	4	1	2	2	2	0	0	13	34	10	6	1	6	6	2	0	3	6	5	0	3	8	7	50	18
Synergistales	0	0	1	0	0	0	18	0	1	1	2	4	1	0	1	0	0	0	2	0	0	1	0	0	0	5	0	7	0	0	0	0	4	0	0	0	0	10	1	0	0	2	0	1	0	4	0	3	0	0	1	0	1	0	0	0	0	0	0	0	1	0	1	2	0	0	0	0	1	0	2	1	7	0	1	1	1	1	0	0	3	0	6	0	0	1	2	1	2
Syntrophobacterales	0	1	0	0	0	0	0	0	0	0	0	0	6	0	1	0	0	1	0	0	0	1	0	0	0	0	1	1	5	0	0	0	0	0	19	0	0	32	0	0	0	0	0	1	1	1	3	0	0	2	0	0	0	0	0	0	0	0	0	1	0	0	6	3	0	0	0	0	0	0	1	0	3	0	3	0	1	0	0	1	0	1	0	0	0	0	0	1	2
Thalassiosirales	0	0	0	0	0	0	0	3	0	0	0	12	0	0	0	0	0	0	1	0	0	0	0	0	0	0	0	0	0	0	0	0	0	0	0	0	0	0	0	0	0	0	0	7	0	0	0	0	0	0	0	0	0	0	0	0	0	0	0	6	0	0	0	0	1	0	0	0	0	0	0	0	0	0	0	0	0	0	0	0	0	0	0	0	0	0	0	0	0
Thermales	0	1	2	5	1	8	8	0	1	0	1	5	1	3	2	1	6	2	0	1	4	2	0	0	4	4	2	9	2	0	4	2	4	1	4	1	0	0	1	0	2	4	6	1	3	1	1	4	4	4	2	1	3	0	2	0	1	0	7	4	2	1	11	2	1	1	2	0	2	2	1	2	8	3	3	0	3	11	1	0	4	9	0	4	6	2	2	7	0
Thermoanaerobacterales	23	12	26	10	18	24	47	6	5	2	5	19	18	14	5	25	19	18	13	7	1	7	5	23	19	33	0	36	4	6	18	7	7	4	7	15	0	18	15	12	21	67	33	3	26	20	22	69	12	31	5	6	6	8	13	14	15	10	8	20	34	5	6	35	5	16	5	8	18	21	5	3	34	20	87	8	14	10	1	14	6	5	32	29	4	7	12	23	52
Thermococcales	0	0	0	0	0	0	0	0	0	0	0	0	0	0	0	0	0	0	0	0	0	0	0	0	0	0	0	0	0	0	0	0	0	0	0	0	0	0	0	0	0	0	0	0	0	0	0	0	0	0	0	0	0	0	0	0	0	0	1	0	0	0	0	0	0	0	0	0	0	0	0	0	1	0	0	0	0	0	0	0	0	0	0	0	0	0	0	0	0
Thermodesulfobacteriales	0	0	0	0	0	0	0	0	0	0	0	0	0	0	0	0	0	1	0	0	0	0	0	0	0	0	0	0	0	0	0	0	0	0	0	0	0	0	0	0	0	0	0	0	0	0	0	0	0	0	0	0	0	0	0	0	0	0	0	0	0	0	0	0	0	0	0	0	0	0	0	1	0	0	0	0	0	0	0	0	0	0	0	0	0	0	0	0	0
Thermotogales	0	0	0	0	0	0	0	0	0	0	0	0	0	1	0	0	0	1	0	0	0	0	0	0	0	0	1	0	0	0	0	0	1	0	0	0	0	0	0	0	0	0	1	0	0	0	0	0	0	0	3	0	0	0	1	1	1	0	0	0	0	0	0	0	0	0	0	0	0	0	0	0	0	0	0	0	0	0	0	0	0	0	0	0	0	0	0	0	0
Thiotrichales	1	0	0	1	0	0	0	2	0	1	0	1	1	1	1	0	0	0	0	0	0	0	0	0	0	3	0	1	1	0	0	0	0	0	1	0	0	0	0	0	0	2	0	1	2	0	2	0	0	1	0	0	0	2	0	2	0	0	0	0	1	0	0	1	0	0	0	0	0	0	0	4	0	0	0	0	0	1	0	1	1	0	3	0	0	0	0	0	0
Tissierellales	19	9	20	20	10	100	438	11	5	11	13	26	20	9	23	34	17	16	17	33	14	7	6	28	4	10	11	28	2	5	0	12	20	4	32	182	1	1	8	21	14	18	8	11	5	20	30	6	7	23	0	5	9	2	5	8	6	6	13	10	22	16	9	16	8	12	5	2	6	163	8	18	31	29	37	7	6	141	5	12	1	15	18	2	19	8	4	1	11
Tremellales	0	0	0	0	0	0	0	0	0	0	0	0	0	0	0	0	0	0	0	0	0	0	0	0	0	0	0	0	0	0	0	0	0	0	0	0	0	0	0	0	0	0	0	3	0	0	0	0	0	0	0	0	7	0	0	0	0	0	0	0	0	0	0	0	0	0	0	0	0	0	0	0	0	0	0	0	0	0	0	0	0	0	0	0	0	0	0	0	0
Unclassified	5	27	74	13	10	8	4	1	2	12	13	51	6	6	2	18	5	12	27	16	3	18	16	10	5	7	7	8	7	12	2	10	17	16	14	8	0	6	18	18	7	7	20	898	3	7	5	7	8	7	8	2	5	33	17	10	5	13	16	22	110	4	34	25	29	3	6	11	16	1	51	11	18	3	3	18	21	18	8	8	9	10	30	8	6	2	2	14	19
Ustilaginales	1	0	0	0	3	1	0	0	0	0	0	0	0	0	0	0	0	0	1	0	0	0	0	0	0	0	0	0	0	0	0	0	0	0	0	0	0	0	0	1	0	0	1	0	0	1	1	0	0	1	0	0	0	0	0	0	0	1	0	0	1	0	0	0	0	1	0	0	0	0	0	4	0	1	0	0	0	0	0	0	0	0	0	0	1	0	0	1	1
Vaucheriales	0	0	0	0	0	0	0	0	0	0	0	0	0	0	0	0	0	0	0	0	0	0	0	0	0	0	3	0	0	0	0	0	0	0	0	0	0	0	0	0	0	0	0	0	0	0	0	0	0	0	0	0	0	0	0	0	0	0	0	0	0	0	0	0	0	0	0	0	0	0	0	0	0	0	0	0	0	0	0	0	0	0	7	0	0	0	0	0	0
Verrucomicrobiales	2005	88	9540	9	13	11	13911	1221	4	4	11	5996	4202	8	23902	4469	827	211	3660	1141	120	360	1720	106	2	155	3	1274	6364	5009	2738	7831	10182	1225	11	53	2379	175	55	7	11	12527	25	70	677	835	11	3	427	57	8662	6	3	10	85	2883	4272	931	747	30	423	14747	17	15037	98	391	11	11684	8804	18504	34154	1	6	113	13897	5	15638	3968	13	2	253	166	49	367	4	2	6078	1944	7506
Vibrionales	0	1	0	0	0	0	0	1	0	0	0	1	0	0	0	0	1	0	2	4	0	2	0	0	0	1	0	0	0	0	1	0	0	0	0	2	0	2	1	8	0	0	0	1	2	1	0	0	20	2	0	0	0	1	2	29	2	1	0	0	2	0	0	2	0	2	0	1	1	1	1	1	0	1	0	3	3	1	1	0	0	1	1	4	1	2	1	2	1
Xanthomonadales	5	0	1	6	2	2	0	5	0	2	3	4	11	1	1	4	4	2	21	3	5	16	0	5	5	1	4	10	0	5	7	5	4	2	4	1	0	16	4	2	4	28	11	18	5	7	4	2	2	15	3	1	7	0	1	10	11	0	2	10	6	6	29	4	5	2	0	5	1	0	2	3	15	8	13	0	6	6	1	0	3	2	13	10	4	11	0	19	12
