family	MMRS11288076ST	MMRS11664448ST	MMRS11932626ST	MMRS12272136ST	MMRS14379078ST	MMRS14602194ST	MMRS15137911ST	MMRS16644320ST	MMRS17603756ST	MMRS17963147ST	MMRS18295921ST	MMRS20257302ST	MMRS21365932ST	MMRS24340226ST	MMRS25211151ST	MMRS25641480ST	MMRS29805707ST	MMRS31306426ST	MMRS32573774ST	MMRS33294861ST	MMRS34525504ST	MMRS34569532ST	MMRS35808664ST	MMRS36405092ST	MMRS38861560ST	MMRS38954404ST	MMRS39415781ST	MMRS39582183ST	MMRS40913371ST	MMRS41266697ST	MMRS41711735ST	MMRS42570301ST	MMRS42780924ST	MMRS43563715ST	MMRS43939546ST	MMRS44197125ST	MMRS44203591ST	MMRS44587603ST	MMRS47662059ST	MMRS47685461ST	MMRS48639115ST	MMRS51307502ST	MMRS51410669ST	MMRS51728985ST	MMRS51737257ST	MMRS54246132ST	MMRS54316675ST	MMRS55294627ST	MMRS56137463ST	MMRS57276462ST	MMRS57569834ST	MMRS59699117ST	MMRS61683006ST	MMRS62192467ST	MMRS62376181ST	MMRS62666492ST	MMRS64281211ST	MMRS64281551ST	MMRS65205033ST	MMRS65742083ST	MMRS65862658ST	MMRS65945127ST	MMRS66868025ST	MMRS67096717ST	MMRS67690541ST	MMRS68630931ST	MMRS68910755ST	MMRS71238091ST	MMRS71762412ST	MMRS72802364ST	MMRS72980899ST	MMRS73787048ST	MMRS77018926ST	MMRS77321055ST	MMRS77487595ST	MMRS78791111ST	MMRS79893829ST	MMRS80093644ST	MMRS81130264ST	MMRS81135225ST	MMRS81671217ST	MMRS84085284ST	MMRS84159866ST	MMRS84954772ST	MMRS85382779ST	MMRS85438660ST	MMRS85548821ST	MMRS86168210ST	MMRS95277876ST
Acetobacteraceae	1	1	6	15	0	19	10	21	1	0	0	2	37	0	1	5	2	10	5	0	6	1	3	13	1	0	12	25	1	0	2	25	0	7	6	1	0	0	2	0	0	33	6	0	0	20	1	0	2	2	5	1	15	0	0	29	0	2	0	0	2	0	15	3	2	4	0	0	0	2	0	1	3	5	12	0	0	17	0	5	5	0	6	2	0	0	7	4	0
Acholeplasmataceae	0	0	7	0	0	2	0	4	0	1	0	0	6	0	0	3	0	1	0	12	0	0	0	0	0	5	0	3	0	0	0	1	3	0	0	0	0	5	3	0	1	9	0	0	1	0	0	0	0	1	0	0	0	0	0	0	0	0	0	13	0	0	0	5	1	0	0	0	0	7	0	2	0	5	1	7	0	2	0	0	8	0	6	0	1	0	0	0	1
Acidaminococcaceae	113	182	341	194	124	98	122	10073	11917	60	178	234	144	12686	78	7397	105	407	100	242	264	73	278	132	42	136	122	298	9045	95	717	138	153	6459	147	136	44	142	282	219	115	312	105	58	101	429	1979	11384	44	207	1808	294	83	337	114	167	160	181	1269	239	128	79	580	2093	219	107	210	146	79	131	38361	126	650	670	143	4395	236	191	48	139	194	35	134	44	140	220	353	350	1696
Acidimicrobiaceae	0	0	0	0	0	0	1	0	0	0	0	0	0	0	1	0	0	0	0	0	0	0	0	0	0	0	0	0	0	0	0	0	0	0	0	0	0	0	0	0	0	1	0	0	0	0	0	0	0	0	0	0	0	0	0	1	0	0	0	0	0	0	0	0	0	0	1	1	0	0	0	0	0	0	0	0	1	0	0	0	1	0	0	0	0	0	0	0	0
Acidithiobacillaceae	0	0	1	0	0	0	0	2	0	0	0	0	1	0	0	0	0	0	0	0	0	1	0	3	0	0	1	3	0	0	0	0	0	0	1	0	0	0	0	0	0	0	1	0	0	0	1	1	0	0	0	0	0	0	2	0	0	0	0	0	0	0	1	0	0	0	0	0	0	0	0	0	0	1	0	1	6	1	0	0	0	0	0	0	0	0	0	0	2
Acidobacteriaceae	2	0	4	0	0	3	0	0	0	2	1	2	1	0	0	1	3	1	1	1	2	5	2	1	0	2	0	1	0	1	1	1	1	3	1	8	1	7	1	3	1	8	1	0	1	2	1	3	1	3	0	0	0	3	4	0	1	0	2	0	1	1	1	1	0	1	0	3	1	0	0	3	2	4	2	0	1	2	0	2	6	0	4	0	3	0	1	10	0
Actinomycetaceae	5	9	16	15	6	12	7	12	2	19	7	5	12	25	13	13	10	11	6	5	6	4	6	4	7	15	6	4	14	6	8	28	22	5	14	11	4	66	15	6	9	1	7	1	5	6	11	12	8	2	10	18	4	1	21	4	25	1	8	4	9	3	16	7	5	5	5	20	10	5	42	9	5	18	11	4	81	22	5	6	5	9	7	11	11	18	11	1	25
Aerococcaceae	0	0	0	0	0	0	0	0	0	0	0	0	2	0	0	11	0	0	0	17	0	0	0	0	0	1	0	9	0	1	0	0	0	8	0	0	0	0	0	0	0	0	0	0	0	0	0	0	0	0	0	0	0	0	0	0	0	0	0	0	0	0	0	0	0	0	0	0	0	0	0	0	0	0	7	11	0	0	0	0	6	0	0	0	0	0	0	0	11
Aeromonadaceae	4	6	16	8	2	2	2	8	12	1	3	6	1	8	6	2	4	12	24	1	2	2	1	3	7	6	3	5	12	0	1	4	0	3	1	6	0	8	1	0	2	7	3	59	9	5	45	181	0	3	2	9	3	43	8	2	5	6	0	2	4	0	16	3	8	2	0	2	1	4	1	4	14	5	207	4	7	4	0	5	1	1	5	5	2	1	1	26	2
Ajellomycetaceae	0	0	0	0	0	0	0	0	0	0	0	0	0	0	0	0	0	0	0	0	0	0	0	0	0	0	0	0	0	0	0	0	0	0	0	0	0	0	0	0	0	0	0	0	0	0	0	0	0	0	1	0	0	0	0	0	0	0	0	0	0	0	0	0	0	0	0	0	0	0	0	0	0	0	0	0	0	0	0	0	0	0	0	0	0	0	0	0	0
Akkermansiaceae	2005	88	9540	8	12	11	13911	1221	2	4	11	5996	4199	8	23902	4468	826	211	3659	1141	120	352	1720	104	2	155	3	1272	6364	5009	2736	7831	10181	1225	10	53	2379	174	55	6	11	12527	25	70	675	832	11	3	427	57	8661	6	3	9	85	2883	4271	931	747	30	423	14744	14	15036	97	391	11	11684	8728	18504	34154	0	4	113	13897	5	15638	3968	13	2	253	162	49	366	4	2	6078	1942	7506
Alcaligenaceae	12	11	0	12	6	3	0	4	64	2	32	7	3	2	0	0	6	0	0	1	9	10	45	4	0	0	0	0	4	8	6	24	10	7	5	1	0	15	4	0	17	28	4	401	18	11	5	10	27	6	6	7	9	18	18	1	23	6	34	4	4	0	5	0	1	5	0	0	6	0	5	5	24	8	5	29	18	1	19	17	8	31	8	2	37	0	11	18	5
Alcanivoracaceae	1	0	0	0	0	0	0	0	0	1	0	1	0	0	0	0	0	1	0	0	0	2	0	0	0	0	0	0	3	0	0	0	0	0	0	0	0	0	0	0	0	0	0	0	1	0	0	0	0	0	0	0	0	0	1	0	0	0	0	0	0	0	0	0	0	0	1	2	0	0	0	0	0	0	1	0	0	0	0	0	0	0	4	2	0	0	1	0	0
Alicyclobacillaceae	0	0	2	0	0	1	1	0	3	0	0	0	2	0	0	0	4	0	0	7	0	6	1	1	0	2	2	0	1	0	1	1	0	0	1	5	0	1	0	0	2	23	3	16	1	4	0	0	0	0	0	0	1	0	0	1	0	0	0	0	1	0	18	9	9	0	1	0	1	1	0	0	1	0	0	1	1	2	0	3	3	1	1	0	0	0	0	0	0
Alteromonadaceae	3	0	0	0	0	0	0	0	0	0	1	0	0	0	2	11	0	0	0	0	0	1	0	1	4	0	0	1	2	0	0	1	0	1	0	0	0	0	0	0	0	1	0	1	0	0	0	0	0	0	1	0	0	0	1	1	0	0	0	0	0	0	0	0	0	0	1	3	0	1	0	1	0	0	1	2	1	0	0	0	0	1	2	1	0	0	0	0	0
Amoebophilaceae	0	0	0	1	0	0	1	0	0	0	0	1	0	0	0	0	0	0	0	0	1	0	0	0	0	0	0	0	0	0	0	0	0	0	0	0	0	0	0	0	0	0	0	0	0	1	0	0	0	0	0	0	0	0	0	0	0	0	0	0	0	0	0	0	0	0	0	0	2	0	0	0	0	0	0	0	0	0	0	0	0	0	0	0	0	0	0	0	1
Anaerolineaceae	0	0	0	0	0	0	0	0	0	0	0	0	0	0	0	0	0	0	0	1	0	0	0	0	0	0	0	1	0	0	0	0	0	0	0	0	0	0	0	0	0	1	0	0	0	0	0	0	0	0	0	0	0	0	0	0	0	0	0	0	0	0	0	0	0	0	0	0	0	0	1	0	0	0	0	0	0	0	0	0	0	0	0	0	0	1	0	0	0
Anaeromyxobacteraceae	4	3	4	8	1	2	1	2	5	0	3	4	18	0	1	0	0	1	5	0	0	6	1	1	5	4	4	17	5	4	5	1	3	1	4	3	0	12	4	0	0	17	9	10	1	1	8	1	0	0	1	2	1	0	3	5	0	5	1	5	3	3	26	3	1	0	0	1	4	3	0	3	15	4	7	14	4	11	0	1	1	0	2	2	3	2	1	14	6
Anaplasmataceae	0	0	0	0	0	0	0	0	0	0	0	0	1	0	0	0	0	0	0	0	0	0	0	0	0	1	0	0	1	0	0	0	0	0	0	0	0	1	0	0	0	0	1	0	0	0	0	0	0	1	0	0	1	0	0	0	0	0	0	1	0	0	0	0	2	0	0	0	0	0	0	0	0	0	0	0	0	0	0	0	0	0	0	0	0	0	0	0	0
Apusomonadidae	0	0	0	0	0	0	0	0	0	0	0	0	0	0	0	0	0	0	0	0	0	1	0	0	0	0	0	0	0	0	0	0	0	0	0	0	0	0	0	0	0	0	0	0	0	0	0	0	0	0	0	0	0	0	0	0	0	0	0	0	0	0	0	0	0	0	0	0	0	0	0	0	0	0	0	0	0	0	0	0	0	0	0	0	0	0	0	0	0
Aquificaceae	1	0	1	0	0	0	0	1	0	0	0	0	0	0	0	0	0	0	0	0	0	2	1	1	0	0	1	0	0	0	0	0	0	5	0	0	0	0	0	0	0	0	0	0	0	1	0	0	0	0	0	0	0	0	0	0	2	2	0	0	0	0	0	0	1	1	0	0	0	0	0	0	0	0	0	0	0	0	0	0	0	0	0	0	0	0	0	0	0
Aspergillaceae	34	47	13	23	16	9	15	43	36	22	40	44	35	8	9	18	26	25	12	21	13	16	39	21	20	21	22	52	34	78	47	34	37	18	31	5	17	61	8	0	8	84	43	220	18	38	35	24	4	24	27	5	25	26	45	20	24	34	37	179	31	17	30	23	38	12	15	34	26	14	21	16	46	42	42	18	55	11	30	11	45	18	34	30	40	2	10	73	45
Atopobiaceae	18	16	17	29	58	11	75	6	8	13	97	30	35	28	13	42	8	12	201	21	11	18	39	19	15	29	19	42	19	8	19	16	24	35	32	7	9	81	16	2	49	47	39	869	10	28	41	22	12	98	19	3	12	108	42	33	4	31	425	28	20	63	71	25	26	10	3	14	17	14	48	20	99	40	26	21	13	61	38	17	28	14	52	20	16	11	10	96	86
Bacillaceae	15	8	10	30	7	34	36	4	7	10	14	16	10	23	1	40	8	2	19	42	9	12	13	8	21	17	2	20	19	17	6	15	34	12	18	2	5	17	4	2	13	99	29	806	12	19	25	7	6	30	38	13	8	15	5	32	4	12	9	30	3	5	51	30	46	9	9	11	13	20	13	21	32	10	35	23	30	28	5	11	37	15	22	18	15	8	2	31	21
Bacteroidaceae	202478	130075	183717	239160	303075	168828	98299	163308	324479	178048	97243	133009	81169	280059	247494	115801	211354	257323	154533	176955	93425	72269	98551	165320	216855	146938	139919	50718	366447	350562	274480	206266	233756	133255	193369	277882	569409	78049	169100	332519	238645	33605	83300	3342	103125	55937	57866	249725	396926	56445	329821	483133	373051	358904	263579	75946	434604	123287	86659	56690	89391	1099	44870	162763	100890	265611	364678	211779	166985	231402	195092	194039	41476	137226	78284	89464	150862	118675	418491	205241	45786	143758	61946	221804	154950	268566	240376	20537	48221
Baculoviridae	0	0	0	0	0	0	0	0	0	0	0	0	0	0	0	0	0	0	0	0	0	0	0	0	0	0	0	0	0	0	0	0	0	0	0	0	0	0	0	0	0	0	0	0	0	0	0	0	0	0	0	0	0	0	0	0	0	0	0	0	0	0	0	0	0	0	0	0	0	0	0	0	0	0	0	0	0	0	0	0	0	0	0	1	0	0	0	0	0
Bangiaceae	0	0	0	0	0	0	0	0	0	1	3	0	0	4	0	0	0	0	0	9	0	17	0	0	0	1	0	25	0	0	0	4	0	0	0	11	0	0	0	0	0	2	0	6	10	0	7	0	0	0	0	0	0	0	1	0	15	0	0	0	1	0	0	0	0	0	4	0	0	0	0	0	13	0	8	0	0	0	0	0	0	0	0	0	0	0	0	16	13
Bartonellaceae	0	0	0	11	0	0	0	0	0	0	0	0	7	0	0	0	0	0	1	0	0	0	0	0	0	0	0	0	0	0	0	0	0	0	0	0	0	0	0	0	0	0	0	0	0	0	0	0	0	0	0	0	0	0	9	0	0	0	0	0	1	0	0	0	0	0	0	1	0	0	0	0	0	0	0	0	0	0	0	0	0	0	0	0	0	0	0	0	0
Bdellovibrionaceae	0	0	1	0	0	0	0	0	0	0	0	0	0	0	0	0	0	0	0	0	0	0	0	1	0	0	0	0	0	0	0	0	0	0	0	0	0	0	0	0	0	0	0	0	2	0	0	0	0	1	0	0	1	1	0	0	0	0	0	0	0	0	0	0	0	0	0	0	0	0	0	0	0	2	1	0	0	0	0	0	0	1	0	1	0	1	0	0	0
Beijerinckiaceae	0	0	0	0	0	0	0	0	0	0	0	5	0	0	0	0	0	0	0	0	0	0	0	0	0	0	0	0	0	0	0	0	0	0	0	0	0	0	0	0	0	0	0	0	0	0	0	0	0	1	1	0	0	0	0	0	0	0	0	0	0	0	0	0	1	0	0	0	0	0	0	0	0	0	0	0	0	0	0	4	0	0	0	0	0	0	0	3	0
Beutenbergiaceae	0	0	0	1	0	4	0	0	0	0	0	0	0	0	0	0	2	0	0	0	0	0	0	0	1	0	0	0	0	0	0	0	0	1	0	0	0	0	0	0	1	0	0	2	0	0	0	0	0	0	0	0	0	1	0	0	0	0	0	0	1	0	0	2	0	0	0	0	0	0	0	0	0	1	0	0	0	0	0	0	0	0	0	0	0	0	0	0	0
Bifidobacteriaceae	234	85	3514	764	4254	166	584	12752	123	113	2223	264	505	75	426	6623	1159	281	293	3513	1487	1162	325	25966	7405	1493	180	2057	9168	109	3019	329	217	4057	146	13297	943	560	225	1638	5296	938	4050	1280	171	438	5686	23864	1674	150	1556	169	81	249	2081	875	82	95	4461	161	309	70	471	107579	112	2956	157	498	238	140	6296	6800	220	7102	546	1368	189	464	5945	485	207	6980	723	99	763	300	770	94	6636
Blastocladiaceae	1	9	1	6	0	2	3	5	7	4	22	7	3	2	4	0	1	8	4	1	15	11	7	3	2	2	3	4	2	5	0	13	8	6	2	4	1	14	3	0	4	8	10	0	13	12	17	3	3	6	8	1	4	0	8	6	1	15	32	13	8	2	11	3	7	7	1	8	0	4	3	4	16	2	1	5	20	5	1	11	7	6	6	3	6	3	3	13	11
Blattabacteriaceae	0	0	0	0	1	2	0	0	0	0	1	3	1	0	4	0	2	1	0	0	1	0	3	1	0	0	0	0	1	1	4	1	0	3	1	1	0	4	0	1	0	0	0	0	0	0	0	2	1	1	0	0	2	0	1	1	2	1	0	0	0	2	2	0	0	0	1	1	0	1	3	0	0	0	0	3	4	2	0	0	2	0	3	2	1	0	0	0	0
Borreliaceae	0	0	0	4	0	0	0	0	0	0	6	0	2	0	1	0	1	0	0	0	0	0	0	0	0	0	0	0	0	0	0	0	0	0	0	0	0	0	0	0	0	0	0	0	0	0	1	0	0	3	0	0	0	0	0	0	0	0	0	0	0	0	0	0	0	0	0	0	0	0	0	0	0	0	0	0	0	0	0	0	0	0	6	0	0	0	0	0	0
Brachyspiraceae	0	1	2	10	0	0	0	0	1	0	0	23	3	0	1	0	1	51	0	0	1	102	0	0	1	0	1	0	0	9	0	0	14	1	0	0	0	0	0	2	1	0	0	0	0	0	0	0	2	0	0	0	0	3	0	0	0	1	1	0	1	0	0	1	2	0	3	2	0	3	1	3	0	1	1	0	0	0	1	0	1	1	62	1	0	2	0	0	1
Bradyrhizobiaceae	0	7	2	3	13	4	5	4	4	3	10	15	8	0	1	10	4	4	1	9	2	12	0	2	1	4	3	0	0	1	3	6	3	6	3	3	0	5	4	1	1	28	3	5	4	6	4	2	4	8	1	0	0	0	2	0	0	6	4	5	2	8	28	1	3	0	2	9	5	0	3	5	21	2	16	1	7	4	5	0	2	5	7	3	7	0	3	20	2
Brevibacteriaceae	0	0	0	0	1	1	0	0	0	0	0	0	2	0	0	0	0	0	0	0	0	1	0	0	0	0	0	0	0	0	0	0	0	0	0	0	0	0	0	0	0	0	0	4	0	0	1	0	0	0	0	0	0	0	0	0	0	0	0	2	0	0	9	0	0	0	0	0	0	0	0	1	1	0	1	1	0	0	0	0	1	0	1	0	0	1	0	0	0
Brucellaceae	2	1	0	0	12	0	0	0	0	1	0	9	1	0	0	16	0	1	0	3	2	1	9	1	0	1	0	1	2	4	3	0	4	0	2	0	0	18	17	3	16	1	14	1	17	0	7	0	0	21	0	8	8	0	0	19	0	2	1	6	4	0	19	2	13	0	0	2	0	0	0	0	0	1	21	18	0	0	0	0	9	1	8	4	0	0	0	5	0
Bryopsidaceae	0	0	0	0	0	0	0	0	0	0	0	0	0	0	0	0	0	0	0	0	0	0	0	0	0	0	0	0	0	0	0	0	0	0	0	1	0	0	0	0	0	0	0	0	0	9	0	0	0	0	0	0	0	0	0	0	0	0	0	0	0	0	0	0	0	0	0	0	0	0	0	0	0	0	0	0	0	0	0	0	0	0	0	0	0	0	0	0	0
Burkholderiaceae	14	74	56	21	46	2	15	53	195	11	202	84	27	4	2	13	16	43	33	28	36	18	60	30	33	1	11	97	49	29	60	69	72	54	9	5	0	76	27	4	29	93	35	1974	77	97	25	62	37	74	59	11	8	16	166	21	108	12	49	34	62	15	21	37	61	44	13	81	22	23	16	10	62	23	28	96	92	20	86	42	16	90	73	76	111	2	26	98	16
Cafeteriaceae	0	0	0	0	0	0	0	0	0	0	0	0	0	0	0	0	0	1	0	0	0	0	0	0	0	0	0	0	0	0	0	0	0	0	0	0	0	0	0	0	0	0	0	0	0	0	0	1	0	0	0	0	0	0	0	0	0	0	0	0	0	0	0	0	0	0	0	0	0	0	0	0	0	0	0	0	0	0	1	0	0	0	0	0	0	0	0	0	0
Caldilineaceae	0	0	0	0	0	0	0	0	0	0	0	0	0	0	0	0	0	0	0	0	0	1	0	0	0	0	0	1	0	0	0	0	0	0	0	0	0	0	0	0	0	0	0	0	0	0	0	0	0	0	1	0	0	0	0	0	0	0	0	2	0	0	3	0	0	0	0	0	0	0	0	1	0	0	1	0	0	0	0	0	0	1	0	0	0	0	0	0	0
Campylobacteraceae	81	68	53	120	66	36	24	41	32	61	28	32	44	131	48	47	45	232	35	174	19	64	33	257	58	174	75	58	54	300	35	63	18	34	75	42	11	66	61	16	131	239	52	161	52	29	147	146	17	79	16	116	16	582	53	61	48	22	584	68	116	1121	55	23	54	32	26	90	19	78	18	47	53	279	54	42	145	11	21	64	43	14	26	30	27	16	189	17	55
Candidatus Midichloriaceae	0	0	0	0	0	0	0	0	0	0	0	0	0	0	0	0	0	0	0	0	0	0	0	0	0	0	1	0	0	0	0	1	0	0	0	0	0	0	0	0	0	0	0	0	0	0	0	0	0	0	0	0	0	0	0	0	0	0	0	0	0	0	0	0	0	0	0	0	0	0	0	0	0	0	0	0	0	0	0	0	0	0	0	0	0	0	0	0	0
Cardiobacteriaceae	0	0	0	1	0	0	0	0	0	0	0	0	0	0	0	0	0	0	0	0	0	1	0	0	0	0	0	0	0	0	0	0	0	0	1	0	0	1	0	0	0	0	0	0	0	0	0	0	0	0	0	0	0	0	0	1	0	0	0	0	0	0	0	1	0	0	0	0	0	1	0	0	0	0	0	0	0	0	0	0	0	0	0	0	0	0	0	0	0
Carnobacteriaceae	1	7	9	0	7	6	11	8	8	8	10	2	0	0	5	0	3	5	3	0	1	4	3	0	1	8	1	1	3	2	1	0	14	5	9	2	4	17	3	3	8	1	0	213	3	2	4	2	5	2	6	2	0	38	13	4	1	12	83	0	7	2	0	8	15	11	1	6	0	4	18	1	0	9	1	3	0	34	4	3	6	1	0	2	3	3	0	3	12
Catenulisporaceae	0	0	0	1	4	0	1	1	0	0	0	0	0	0	0	1	0	0	0	0	0	0	0	0	0	2	0	0	0	0	0	0	0	0	1	0	0	0	0	2	3	13	0	0	0	0	2	0	0	1	0	0	0	0	0	3	0	0	0	0	0	0	10	5	0	0	0	0	0	0	0	5	4	0	3	1	0	1	0	0	0	6	5	0	1	0	2	3	0
Caulobacteraceae	4	0	3	3	0	3	6	0	4	0	3	0	9	2	1	1	0	1	2	5	1	6	4	2	0	3	0	6	2	1	0	13	2	1	1	0	0	5	1	3	2	16	2	5	6	8	6	1	3	6	0	1	1	1	0	8	1	1	2	0	1	3	11	1	4	2	0	8	2	2	3	0	7	4	7	5	8	4	0	2	0	3	2	0	0	0	1	12	6
Cellulomonadaceae	1	1	0	3	4	0	0	1	0	0	7	5	1	1	3	3	0	0	1	2	0	0	0	0	0	0	0	0	0	0	0	0	1	0	0	3	0	4	1	0	0	9	0	21	1	8	2	0	0	1	0	0	0	5	0	1	0	1	2	0	0	3	0	2	0	0	0	0	0	0	0	0	8	0	1	1	5	8	0	0	0	0	3	0	1	0	2	1	5
Cellvibrionaceae	0	0	0	0	0	0	0	0	0	0	0	0	0	0	0	0	0	0	0	0	0	0	0	0	0	0	1	0	0	0	0	1	0	0	0	0	0	0	0	0	0	2	1	0	0	0	0	0	0	0	0	0	0	0	0	0	0	0	0	0	0	0	0	0	0	0	0	0	0	0	0	0	1	0	0	0	0	0	0	0	0	0	0	0	0	0	0	1	1
Chaetomiaceae	0	0	0	0	5	0	0	0	0	0	0	0	0	0	0	1	0	0	0	0	0	0	0	0	0	0	0	1	0	0	0	0	0	0	0	0	0	0	0	0	0	0	0	0	0	0	0	0	0	0	0	1	0	0	0	0	0	0	0	0	0	0	0	0	0	0	0	0	0	0	0	2	0	0	0	0	0	0	0	0	0	0	1	0	0	0	1	0	0
Chattonellaceae	0	0	0	0	0	0	0	0	0	0	0	0	0	0	0	0	0	0	0	0	0	0	0	0	0	0	0	0	0	0	0	0	0	0	0	0	0	0	0	0	0	0	0	2	0	0	0	0	0	0	0	0	0	0	0	0	0	0	0	0	0	0	0	0	0	0	0	0	0	0	0	0	0	0	0	0	0	0	0	0	0	0	0	0	0	0	0	0	0
Chitinophagaceae	0	2	0	2	0	0	0	0	1	0	2	1	1	0	0	1	0	1	1	0	2	3	0	0	0	0	1	0	0	0	0	2	0	2	0	0	0	2	0	0	0	1	0	0	0	1	1	2	0	0	2	0	1	0	2	1	1	0	0	0	1	0	0	0	0	1	0	0	0	1	0	0	0	0	0	1	1	0	0	0	0	3	1	0	0	12	0	0	0
Chlamydiaceae	0	0	0	0	0	0	0	0	0	0	0	0	0	0	1	0	0	0	0	0	0	0	0	0	0	0	0	0	0	0	0	0	0	0	0	0	0	0	0	0	0	0	0	0	0	0	0	0	0	0	0	0	0	0	0	0	0	0	0	0	0	0	0	0	0	0	0	0	0	0	0	0	0	0	0	0	0	0	0	0	0	0	0	1	0	0	0	0	0
Chlamydomonadaceae	0	0	0	0	0	0	0	0	0	0	0	0	0	0	0	0	0	0	0	1	0	0	0	0	0	0	0	0	0	0	0	0	1	0	0	0	0	0	0	0	0	0	0	0	0	0	1	0	0	0	0	0	0	0	0	0	0	0	0	0	0	0	0	0	0	0	0	0	0	0	0	0	0	0	0	0	0	1	0	0	0	0	0	0	0	0	0	0	0
Chlorellaceae	0	0	1	1	0	0	0	0	0	0	0	0	0	0	0	2	0	0	0	5	0	0	0	0	1	0	0	0	0	0	0	0	0	0	0	0	0	0	1	0	0	1	0	0	0	1	0	0	0	0	13	0	0	0	0	0	0	0	0	0	1	1	3	0	0	0	0	0	3	0	0	0	0	0	0	0	0	0	0	0	0	0	0	0	0	0	0	1	9
Chlorobiaceae	2	0	1	1	2	1	3	0	0	3	0	3	3	1	2	3	2	1	1	1	5	4	3	0	0	4	3	2	1	4	0	1	2	0	0	1	0	4	1	0	0	3	1	0	2	1	2	3	0	3	1	1	0	2	0	1	2	0	5	0	1	4	6	3	0	0	0	1	1	2	0	0	11	0	3	3	1	5	0	1	3	0	7	0	1	2	2	6	4
Chloroflexaceae	0	0	0	0	0	0	0	0	2	0	0	0	0	0	0	0	0	0	0	0	0	1	0	0	0	0	0	10	0	2	2	0	0	0	0	0	0	0	0	0	0	0	0	0	0	1	0	0	0	0	0	0	0	0	0	0	0	0	0	0	0	0	0	0	0	0	0	0	0	0	0	0	0	0	0	0	0	0	0	0	0	0	0	0	0	0	0	0	0
Chromatiaceae	0	0	0	0	0	0	1	0	5	0	1	0	0	0	2	1	0	0	0	1	1	1	0	0	0	0	0	1	0	1	1	0	0	0	0	0	0	0	3	0	0	3	0	0	0	1	0	0	0	2	0	0	0	0	0	0	0	0	3	3	4	0	0	3	0	1	1	0	0	0	1	0	1	0	2	0	0	1	0	0	5	0	0	0	0	0	0	10	0
Chromobacteriaceae	2	7	1	22	1	10	0	0	32	5	5	27	4	10	0	9	3	50	4	1	5	16	17	5	17	2	3	35	2	9	1	46	1	24	1	0	6	15	13	1	0	1	32	304	0	16	12	4	0	17	16	0	16	0	30	2	0	3	30	5	3	2	6	5	22	6	15	14	0	8	7	0	33	33	5	9	39	5	23	29	2	49	5	24	18	0	5	20	11
Chromulinaceae	0	0	0	0	0	0	0	0	0	0	0	0	0	0	0	1	0	0	0	0	0	0	0	0	0	0	0	1	0	0	0	0	0	0	0	0	0	0	0	0	0	0	0	0	0	0	1	0	0	0	0	0	0	0	0	0	0	0	0	0	0	0	0	0	0	0	0	0	0	0	0	0	1	0	0	0	0	0	0	0	0	1	0	0	0	0	0	0	0
Chrysiogenaceae	1	0	0	0	0	0	0	0	0	0	2	0	1	0	0	0	0	0	1	0	0	0	0	0	0	0	0	3	0	1	0	6	0	0	0	0	0	0	1	0	0	0	1	0	0	0	0	0	0	0	0	0	0	0	0	1	0	0	0	0	0	0	3	1	0	0	0	0	0	0	0	0	0	4	0	1	0	1	0	0	0	0	2	0	0	0	0	0	2
Clostridiaceae	835	643	887	290	604	275	2078	817	237	674	484	573	589	652	634	572	269	294	827	780	238	791	7371	511	1630	952	711	830	877	179	495	367	473	816	906	542	330	590	1096	400	909	1092	802	7724	876	377	623	748	203	590	607	159	414	715	1083	1133	491	414	235	807	456	660	1043	469	695	354	404	342	485	581	461	1158	648	1342	681	1789	774	992	241	391	776	317	1187	489	2184	511	376	484	913
Clostridiales Family XVII. Incertae Sedis	3	0	3	9	5	0	10	9	0	0	5	1	3	0	4	7	0	0	0	0	0	14	1	6	3	1	7	7	3	0	7	4	3	3	3	6	0	13	7	2	0	9	8	0	0	5	14	1	0	0	0	3	5	0	1	3	3	0	8	6	3	1	5	11	12	3	0	9	1	1	11	6	11	3	12	7	2	12	4	6	7	0	8	6	6	0	2	19	4
Codonosigidae	0	0	0	0	0	0	0	0	0	0	0	0	0	0	0	99	20	1	0	0	0	0	0	0	0	0	0	0	0	0	0	0	0	1	0	0	0	0	0	6	0	0	0	0	11	0	0	0	0	0	0	0	0	0	0	0	0	44	0	0	2	0	0	0	0	0	0	1	0	0	0	0	0	0	0	0	0	0	0	0	0	0	0	0	0	0	0	0	0
Colwelliaceae	0	0	0	0	0	0	0	0	0	0	0	0	0	0	0	0	0	0	0	0	0	0	0	0	0	0	0	0	0	0	0	0	0	0	0	0	0	0	0	0	0	0	0	0	0	0	0	0	0	0	1	0	0	0	0	0	0	0	0	0	0	0	0	0	0	0	0	0	0	0	0	0	0	0	0	0	0	0	0	0	0	0	0	0	0	0	0	0	0
Comamonadaceae	13	50	12	23	39	3	6	15	69	9	86	76	19	3	8	3	7	11	10	16	4	14	11	26	24	16	0	24	28	10	16	20	44	43	12	11	8	79	14	0	11	76	22	509	48	62	25	28	0	50	14	2	9	1	34	21	30	24	58	28	23	9	37	36	14	27	15	43	5	15	25	11	45	23	7	25	21	21	20	51	15	52	20	19	53	4	14	71	3
Conexibacteraceae	0	1	0	0	3	0	6	0	1	0	0	0	0	0	1	0	0	0	0	0	0	5	0	0	0	0	0	1	1	1	0	0	0	0	0	0	0	0	1	1	0	14	1	0	2	1	1	0	0	0	1	0	0	2	0	0	0	1	0	5	0	0	0	0	0	1	0	0	6	0	1	8	0	0	5	0	1	8	0	0	0	0	2	0	0	0	1	8	0
Coriobacteriaceae	1646	927	2174	1317	63	691	20	6923	2606	1145	2389	1776	374	47	8	3933	16	783	1791	405	1731	2224	32	20	2084	86	1628	1120	280	16	15	3595	1531	3635	7832	2455	479	3359	881	1	83	436	3394	52	598	5730	3440	25	4105	2304	6021	7	2650	2242	2662	1216	7	2920	2668	109	593	5	6543	10118	2235	3772	369	3839	68	1131	6547	27	9231	46	2062	5303	20	8160	21	895	2546	7543	1265	900	2253	1	4533	3702	2266
Corynebacteriaceae	5	5	15	8	9	5	1	3	2	7	10	13	15	4	2	6	5	0	16	5	4	5	1	9	0	4	7	2	4	2	5	7	4	2	3	2	2	9	2	2	6	10	13	41	4	11	9	1	1	9	3	1	4	5	2	4	3	4	6	9	1	1	16	17	2	5	0	5	0	1	4	2	19	19	1	9	5	3	4	4	9	4	4	9	2	0	5	10	8
Coxiellaceae	1	0	0	0	0	0	0	0	0	0	1	0	0	0	0	0	0	0	0	0	0	0	0	0	0	0	0	0	0	0	0	0	0	0	0	0	0	0	0	0	0	0	1	0	0	0	0	0	0	0	0	0	0	0	1	0	0	0	0	0	0	0	0	0	0	0	0	0	0	0	0	0	0	0	0	0	0	0	0	0	0	0	0	0	0	0	1	3	0
Cryomorphaceae	0	0	1	0	0	3	0	0	0	0	0	0	0	0	0	0	0	0	0	0	0	0	0	0	0	1	0	0	0	1	0	0	0	1	0	0	0	1	0	0	0	0	0	0	0	0	0	1	0	1	0	0	0	1	0	0	0	0	0	0	0	0	0	3	0	0	1	0	0	0	0	0	0	0	1	0	0	0	0	0	0	0	0	1	0	0	0	0	0
Cryptomonadaceae	0	1	2	0	2	0	0	0	0	0	0	0	0	1	1	0	0	0	0	3	0	0	0	2	0	1	8	1	7	0	0	1	0	2	0	0	0	0	0	2	1	2	2	0	0	1	1	3	0	0	0	0	1	0	1	1	0	1	1	0	0	2	3	0	1	1	0	1	0	0	0	0	0	2	0	0	5	0	0	1	0	6	0	0	9	0	0	0	3
Cryptosporidiidae	0	0	0	0	0	0	0	0	0	0	0	0	0	0	0	1	0	0	0	0	0	0	0	0	0	0	0	0	0	0	0	0	0	0	0	0	0	0	0	0	0	0	0	0	0	0	0	0	0	0	0	0	0	0	0	0	0	0	0	1	0	0	0	0	0	0	0	0	0	0	0	0	0	0	0	0	0	0	0	0	0	0	0	0	0	0	0	0	0
Ctenocladaceae	0	0	0	0	0	0	0	0	0	0	0	0	0	0	0	0	0	0	0	0	0	0	0	1	0	0	0	0	0	0	0	0	0	0	0	0	0	0	0	0	0	0	0	0	0	0	0	0	0	0	0	0	0	0	0	0	0	0	0	0	0	0	0	0	0	0	0	0	0	0	0	0	1	0	0	0	1	0	0	0	0	0	1	0	0	0	0	0	0
Cyanidiaceae	0	2	0	0	0	0	0	0	0	0	0	0	1	1	5	3	0	1	0	2	0	5	0	0	0	0	0	0	1	3	0	0	1	1	0	0	0	0	6	0	0	0	0	0	4	0	0	0	0	0	0	0	0	0	0	0	0	2	0	1	0	0	0	0	0	0	0	0	0	0	0	0	2	0	0	0	1	0	0	0	4	0	0	0	0	2	0	0	2
Cyanophoraceae	0	0	0	0	0	0	0	0	0	0	0	10	0	0	0	0	0	0	0	9	0	1	0	0	0	0	0	0	0	0	0	0	0	10	0	0	0	0	0	0	0	0	0	0	0	0	0	0	0	0	0	0	0	0	0	0	0	0	6	0	0	0	0	11	0	0	0	0	6	0	0	0	0	0	0	3	0	10	0	0	0	0	0	0	0	0	2	6	0
Cyclobacteriaceae	0	0	4	0	0	6	0	1	3	1	2	0	0	0	0	0	0	0	0	0	0	0	0	0	0	0	0	0	0	0	0	9	0	0	0	1	0	0	0	3	1	0	0	0	0	0	0	0	0	0	0	0	0	0	0	0	0	0	1	0	1	0	0	0	0	0	0	0	7	0	0	0	0	0	3	0	1	9	0	0	0	1	0	0	0	0	0	0	2
Cystobacteraceae	0	0	1	0	1	1	5	1	0	1	1	2	0	0	1	0	1	0	0	0	0	1	0	5	0	0	0	3	1	0	7	1	0	3	2	0	0	2	0	0	0	5	3	0	3	0	1	0	1	3	0	0	0	0	0	0	0	1	1	0	2	0	0	0	0	0	0	0	1	1	0	0	2	0	1	0	1	12	0	0	1	0	0	0	3	0	1	2	5
Cytophagaceae	2	3	5	2	1	1	1	0	2	5	2	1	3	3	4	2	3	7	1	2	2	30	4	0	6	0	5	4	1	1	1	7	3	2	0	0	0	9	6	4	0	3	2	0	1	1	1	0	7	5	1	1	2	1	6	1	4	0	1	0	0	0	1	1	4	0	1	2	6	8	1	0	2	3	2	1	3	4	2	1	0	6	2	2	3	12	2	20	1
Debaryomycetaceae	1	0	0	3	0	0	0	0	0	0	1	0	0	0	0	0	1	0	1	0	0	0	0	4	0	0	0	0	0	0	0	0	0	0	0	0	0	0	0	0	0	1	1	0	0	0	0	1	7	0	0	0	1	0	0	9	0	7	1	0	0	0	0	0	0	0	0	0	0	0	0	0	0	0	0	0	0	0	0	0	1	1	1	0	0	0	0	0	0
Deferribacteraceae	0	0	0	0	0	1	0	0	1	0	0	1	0	0	0	0	0	0	0	0	0	0	0	0	0	0	1	0	0	0	0	0	0	0	0	0	0	0	0	0	0	0	0	0	0	0	0	0	0	0	1	1	0	0	0	0	0	0	0	0	1	1	0	0	0	1	0	0	0	1	0	0	0	0	0	0	0	0	1	0	0	0	0	0	0	0	0	0	0
Dehalococcoidaceae	1	15	3	0	0	19	22	2	1	4	3	10	1	7	25	4	1	19	0	15	0	3	15	3	2	10	0	5	2	5	0	3	2	1	70	19	0	5	1	5	4	5	4	1	4	0	8	0	15	4	0	1	4	0	0	11	0	4	3	0	4	34	0	53	21	0	1	8	2	2	0	2	3	11	6	0	1	1	0	4	3	5	3	0	1	1	25	2	2
Deinococcaceae	0	1	3	3	1	2	2	0	0	1	0	2	4	1	2	3	1	1	4	2	1	2	2	0	2	1	1	1	1	1	1	2	0	1	2	0	0	3	1	0	3	15	0	0	1	0	2	1	0	0	0	0	1	0	1	7	0	1	1	1	0	0	15	8	3	0	0	2	0	2	0	2	3	1	6	1	1	6	0	0	5	0	7	1	2	1	0	7	2
Dermabacteraceae	0	0	0	8	0	0	5	0	0	0	0	1	5	1	1	0	0	0	6	0	0	0	1	0	0	6	0	0	0	0	0	0	0	1	0	0	0	1	0	2	2	1	1	9	0	2	1	0	0	0	0	0	0	0	2	0	3	0	1	2	1	0	11	0	6	0	0	0	0	0	0	0	8	0	0	1	0	0	0	3	0	0	2	0	0	0	0	3	0
Dermacoccaceae	1	1	0	0	0	0	0	0	0	0	0	0	0	0	0	0	0	0	1	1	0	3	0	1	0	0	0	0	1	1	0	0	0	0	1	3	0	0	0	2	0	3	0	1	0	5	2	3	0	0	0	0	0	3	0	0	0	3	0	0	1	2	13	0	0	0	0	0	2	0	0	4	0	0	0	0	0	0	0	0	1	0	0	0	5	1	0	0	3
Desulfarculaceae	14	3	2	2	4	0	4	0	2	0	1	2	2	1	0	1	0	0	2	0	0	0	1	0	0	2	0	0	0	0	0	3	0	1	0	2	0	7	1	0	1	0	3	0	5	1	0	0	0	8	0	0	0	1	0	3	0	0	15	0	0	1	0	13	1	1	1	0	0	0	0	2	0	0	2	4	0	3	0	0	5	0	9	1	0	2	0	7	10
Desulfobacteraceae	0	4	0	0	0	0	0	0	0	0	0	1	2	0	0	0	1	0	1	0	0	4	0	0	0	1	0	0	0	0	0	1	0	0	1	0	0	3	0	0	0	3	3	1	1	0	2	0	0	0	0	1	0	1	0	0	0	1	2	0	0	1	1	0	0	0	0	0	1	0	2	2	2	1	2	0	1	2	0	0	1	1	0	1	1	0	1	1	0
Desulfobulbaceae	0	0	0	2	0	1	0	1	0	0	2	1	1	0	0	2	1	0	1	4	1	0	7	0	0	1	0	0	1	0	1	5	0	0	0	0	0	1	0	0	0	5	3	0	1	0	1	2	0	0	0	0	0	0	1	0	0	2	0	0	1	0	3	4	4	1	0	1	0	0	0	1	1	0	2	1	0	2	0	0	1	0	1	0	0	0	1	2	0
Desulfohalobiaceae	0	0	0	0	0	0	1	0	0	0	0	0	0	0	0	0	0	1	1	0	0	0	0	0	0	0	0	0	0	0	0	0	0	0	0	0	0	0	0	0	1	0	0	0	0	0	0	0	0	0	0	0	0	0	0	0	2	1	1	0	0	0	0	0	0	0	0	0	0	0	0	0	0	0	0	0	0	0	0	0	0	0	0	0	0	0	0	0	0
Desulfomicrobiaceae	11	3	1	15	0	2	1	0	0	0	2	10	0	0	0	1	0	2	1	0	7	0	0	0	0	0	3	1	1	1	1	0	1	0	1	2	0	5	2	0	7	1	17	3	0	6	4	5	0	6	0	1	0	0	0	0	1	0	2	9	3	0	0	1	1	0	1	0	0	0	0	0	1	0	6	0	0	1	1	6	2	0	4	1	4	0	3	8	5
Desulfovibrionaceae	186	81	99	130	76	29	154	56	17	33	131	475	97	54	14	67	107	289	227	32	303	45	10	31	120	412	176	111	40	40	50	56	162	48	67	136	48	413	127	123	63	352	219	5	22	78	81	317	116	178	1	53	9	7	162	61	243	37	269	21	204	9	118	72	45	42	78	64	58	31	108	48	485	66	184	54	43	204	3	27	114	3	359	251	89	164	59	604	41
Desulfurellaceae	0	0	0	0	0	0	1	0	0	0	0	0	0	0	0	0	0	0	0	0	0	0	0	0	0	0	0	0	0	0	0	0	0	0	0	0	0	0	0	0	0	0	0	0	0	0	0	0	0	0	0	0	0	0	0	0	0	0	0	0	0	0	0	0	0	0	0	0	0	0	0	0	1	0	0	0	0	0	0	0	0	0	0	0	1	0	0	0	0
Desulfurobacteriaceae	0	0	0	0	0	0	0	0	0	0	0	0	0	0	0	0	0	0	0	0	0	0	0	0	0	0	0	1	0	0	0	0	0	0	0	0	0	0	0	0	0	0	0	0	0	0	0	0	0	0	0	0	0	0	0	0	0	0	0	0	0	0	0	0	0	0	0	0	0	0	0	0	0	0	0	0	0	0	0	0	0	0	0	0	0	0	0	1	1
Desulfurococcaceae	0	0	0	0	0	0	0	0	0	0	0	0	0	0	0	0	0	0	0	0	0	0	0	0	0	0	0	0	0	0	0	0	0	0	0	0	0	0	0	0	0	0	0	0	0	0	0	0	0	0	0	0	0	0	0	0	0	0	0	1	0	0	0	0	0	0	0	0	0	0	0	0	0	0	0	0	0	0	0	0	0	0	0	0	0	0	0	0	0
Desulfuromonadaceae	0	0	0	0	0	1	0	0	0	0	0	0	0	0	0	0	0	0	0	0	0	0	2	0	0	0	0	0	0	0	0	0	0	1	0	0	0	0	0	0	0	0	0	0	0	2	0	0	0	0	0	2	0	0	0	0	0	0	0	0	0	0	0	0	0	0	0	0	0	0	0	0	0	0	1	0	0	0	0	0	0	0	0	0	0	0	1	0	0
Dictyoglomaceae	2	0	0	0	0	0	0	0	0	0	0	0	0	0	2	0	1	0	0	0	0	1	0	0	0	0	0	0	0	0	0	0	0	0	0	0	0	0	0	0	0	0	0	0	0	0	0	0	1	0	2	0	0	0	0	0	1	0	0	0	0	0	0	0	0	0	0	0	0	0	0	0	0	0	0	0	0	0	0	0	0	0	0	0	0	1	0	0	1
Ectocarpaceae	0	0	0	0	0	0	0	0	0	0	0	0	0	0	0	0	0	0	0	0	0	0	0	0	0	0	9	0	0	0	0	0	0	0	0	9	0	0	0	0	0	0	0	0	0	0	0	0	0	0	0	0	0	0	0	0	0	0	0	0	0	0	0	0	0	0	0	0	0	0	0	0	0	0	21	0	0	0	0	0	0	0	0	0	0	0	0	0	0
Ectothiorhodospiraceae	1	0	1	1	1	0	7	0	0	1	0	5	3	0	3	5	0	4	7	1	3	7	2	7	8	0	0	10	0	5	4	1	0	6	0	0	0	6	7	0	4	15	0	4	0	1	0	4	1	10	0	0	2	0	10	0	0	4	5	0	0	1	3	1	0	0	2	4	1	1	5	2	2	2	4	3	0	4	0	0	7	4	3	1	6	0	0	23	2
Eggerthellaceae	354	101	336	286	313	514	1768	235	479	118	285	154	495	241	100	352	373	159	241	235	72	264	52	2248	356	97	1207	93	1155	767	1894	270	185	213	1719	493	254	295	77	698	549	898	124	41	234	127	106	321	593	149	465	598	943	325	197	200	564	383	66	129	141	2684	1041	441	190	117	384	220	141	668	2113	947	229	2596	183	474	225	3012	693	46	206	2298	168	99	201	855	638	596	144
Eimeriidae	0	0	0	0	0	0	0	0	0	0	0	0	0	0	0	0	0	0	0	0	0	0	0	0	0	3	0	0	0	0	0	0	0	0	0	0	0	0	0	0	0	0	0	0	0	0	0	0	0	0	0	0	0	0	0	0	1	0	0	0	0	0	0	0	0	0	0	0	0	0	0	0	0	1	0	0	0	0	0	0	0	0	0	0	0	0	0	0	0
Elusimicrobiaceae	1	0	1	0	1	0	0	0	0	0	0	0	0	0	0	0	0	0	0	0	0	0	0	1	0	0	0	0	0	0	0	0	0	0	0	0	0	0	1	0	0	0	0	0	0	0	0	0	0	0	0	0	0	0	0	0	0	0	0	0	0	0	0	0	0	0	0	0	0	0	0	0	0	0	0	0	0	0	0	0	0	0	0	0	0	0	0	0	0
Enterobacteriaceae	760	362	2008	103	344	30954	22102	9932	1	3998	64	4946	226	186	9971	141	241	1096	1453	2558	829	155	182950	177	2099	983	9	82	52	104714	241393	21	1	351	29117	129	4564	8048	115411	6771	280	116	340	526528	3596	10296	27476	1486	10533	119	326	17	7	1645	144	3810	99845	14958	1119	124670	145	34636	710	4972	381	257	132	7	4549	2044	4007	6001	11	1234	38995	19	241	26089	641	22	4054	311	684	250	42387	3	85	32520	2486
Enterococcaceae	87	99	155	153	152	62	465	181	171	191	62	115	233	308	107	144	206	79	125	286	155	128	101	533	215	401	241	157	144	147	294	64	77	144	66	267	42	93	66	189	165	423	182	2115	144	80	88	260	121	229	82	60	204	594	234	147	231	131	42	116	202	376	161	118	169	211	371	89	92	195	227	332	151	171	319	175	79	434	153	43	99	1617	340	78	184	75	165	32	287
Entomoplasmataceae	1	0	0	0	0	0	0	0	0	0	0	0	0	0	0	0	0	0	0	6	0	4	0	0	0	1	0	0	0	0	0	0	4	0	0	0	0	0	0	0	0	0	0	8	0	0	0	0	0	0	0	0	0	0	0	0	0	0	0	0	0	0	12	0	0	0	0	0	0	4	0	0	0	0	1	0	0	0	0	4	0	0	0	0	0	0	0	0	1
Erysipelotrichaceae	455	161	401	217	447	429	1048	120	507	1699	201	13453	491	3436	749	373	241	269	674	199	584	193	100	756	201	148	1288	174	2240	537	217	518	509	409	2601	758	518	726	109	2122	633	112	233	355	1455	395	700	240	613	4257	509	3322	357	12023	798	441	1226	16116	2663	160	263	5177	192	560	291	597	7736	489	199	1902	10530	479	228	770	5751	597	99	2130	280	4889	784	393	263	233	1323	32647	756	168	521
Erythrobacteraceae	0	0	1	0	0	0	1	0	0	0	1	0	0	0	0	0	0	0	1	0	0	2	0	0	0	0	0	1	0	0	0	0	0	0	0	0	0	1	0	0	0	1	0	0	0	0	1	0	0	0	0	0	1	0	0	0	0	0	1	0	0	1	1	0	0	0	0	0	0	0	0	0	2	0	0	0	0	0	0	1	0	0	1	1	0	0	0	0	0
Eubacteriaceae	29120	6049	8048	21737	28260	17015	8063	8960	4293	6152	8888	2859	36650	2808	30685	9380	19532	1609	3868	8882	8969	4143	2118	5887	8193	3827	6042	8763	9118	16512	679	4374	2697	17695	48739	5084	253	9325	12327	558	22928	5343	14845	478	10413	8007	5725	2988	24951	18779	419	8393	18671	1540	49130	10090	1265	13508	6275	16345	22757	1342	1324	16200	12729	28049	984	5902	2256	3673	4804	9946	472	10006	21496	41679	11370	5254	8395	3811	8249	2708	10099	7106	24472	336	9514	1267	16527
Eupodiscaceae	0	0	0	0	0	0	0	0	0	0	0	0	0	0	0	0	0	0	0	0	0	0	0	6	0	0	0	1	0	0	0	0	0	0	0	0	0	0	0	0	0	0	0	0	0	0	0	0	0	0	0	0	0	0	0	0	0	0	0	0	0	0	0	0	0	0	0	0	0	0	0	0	0	0	0	0	0	0	0	0	2	0	0	0	0	0	0	0	0
Ferrimonadaceae	0	1	0	0	0	0	0	0	0	0	0	0	0	0	0	0	0	0	0	0	0	0	0	0	0	0	0	0	0	0	0	1	0	0	0	0	0	0	0	0	0	5	1	0	0	0	0	0	0	0	1	0	0	0	0	0	0	0	0	0	0	0	1	0	1	0	0	0	0	0	0	1	0	0	0	0	0	0	0	0	0	1	0	0	0	0	0	0	0
Fervidobacteriaceae	0	0	0	0	0	0	0	0	0	0	0	0	0	1	0	0	0	1	0	0	0	0	0	0	0	0	1	0	0	0	0	0	0	0	0	0	0	0	0	0	0	0	1	0	0	0	0	0	0	0	3	0	0	0	1	0	1	0	0	0	0	0	0	0	0	0	0	0	0	0	0	0	0	0	0	0	0	0	0	0	0	0	0	0	0	0	0	0	0
Flammeovirgaceae	0	0	0	0	0	0	0	0	0	0	0	0	1	0	0	0	0	0	0	0	0	0	0	0	0	0	0	0	0	0	0	0	0	0	0	0	0	1	1	0	0	0	0	0	0	1	0	0	1	0	0	0	0	0	0	0	0	0	0	0	0	0	0	0	0	0	0	0	0	0	0	0	0	0	0	0	0	0	0	0	0	0	0	0	0	0	0	0	0
Flavobacteriaceae	2	3	40	2	0	44	2	167	2	165	3	3	27	66	7	4	53	17	1	6	9	39	7	0	3	43	5	7	2	1	3	20	0	6	3	4	0	6	2	222	3	1	4	6	4	16	10	1	1	7	5	7	7	0	9	1	1	14	7	15	10	0	5	3	8	7	11	8	31	2	0	1	22	3	11	9	75	4	1	19	4	12	29	6	13	4	4	23	19
Francisellaceae	1	0	0	0	0	0	0	0	0	0	0	0	1	1	0	0	0	0	0	0	0	0	0	0	0	0	0	0	0	0	0	0	0	0	0	0	0	0	0	0	0	0	0	0	0	0	0	0	0	1	0	0	0	0	0	2	0	0	0	0	0	0	0	1	0	0	0	0	0	0	0	0	0	0	0	0	0	0	0	0	1	0	0	0	0	0	0	0	0
Frankiaceae	4	1	0	0	0	0	3	0	0	1	0	3	1	1	0	2	3	0	0	0	0	1	0	0	1	2	0	0	2	0	1	1	0	1	1	0	1	3	1	0	0	16	0	0	0	1	1	2	0	1	0	0	0	0	0	2	1	2	0	5	3	0	1	3	1	0	1	1	0	0	0	0	4	1	0	3	1	5	0	1	6	2	3	2	0	1	0	1	2
Fusobacteriaceae	20	1	2	1	57	102	791	0	669	25	49	19	4	4	23	7	0	2380	15	1	2	27	28	0	0	36	7	23	0	0	0	4	2647	3	528	412	4	0	3	0	31	0	6	106	16	0	134	43	327	17	0	2	4	147	7	24	9	2	1376	7	199	382	0	22	0	2	124	0	33	449	145	20	0	60	81	1	1	0	4	40	57	2	13	1	23	1	1	0	8
Gallionellaceae	0	0	0	1	1	0	0	0	0	0	0	2	0	0	0	3	1	0	5	0	0	0	0	0	5	0	0	0	0	0	0	1	3	0	0	0	0	1	1	0	6	4	4	0	0	0	0	0	0	0	0	0	1	1	0	0	0	0	0	0	0	0	0	0	2	0	0	0	0	0	0	0	0	0	0	0	0	0	0	0	0	1	0	0	0	0	0	0	0
Geminigeraceae	0	0	0	0	0	0	0	0	0	0	0	0	0	0	0	0	0	6	0	0	0	0	0	0	0	0	0	0	0	0	0	0	0	0	0	0	0	0	0	0	0	0	0	0	0	0	0	0	0	0	0	0	0	0	0	0	0	0	0	0	0	0	0	0	6	0	0	0	0	0	0	0	0	0	0	0	8	0	0	0	0	0	0	0	0	0	0	0	0
Gemmatimonadaceae	0	0	0	0	0	2	0	0	0	0	0	0	3	0	0	0	0	0	2	0	0	2	0	0	0	1	0	1	1	0	0	1	0	0	1	0	0	1	0	1	0	2	0	0	0	0	0	0	0	0	0	0	0	0	0	0	0	0	1	1	0	0	0	0	0	0	0	1	1	1	0	0	0	0	0	1	0	0	0	0	0	1	0	0	0	0	0	0	0
Geobacteraceae	5	6	6	5	2	4	6	0	2	6	2	5	8	4	1	6	2	11	0	15	4	21	4	5	0	4	7	18	3	2	2	1	2	5	8	1	0	35	8	1	2	17	4	13	4	3	10	17	2	0	1	0	0	2	6	8	2	3	2	11	1	2	45	27	5	4	1	1	2	1	4	4	24	6	2	4	9	9	0	5	9	7	13	1	6	1	2	19	8
Geodermatophilaceae	0	0	3	0	1	3	0	0	0	0	1	2	7	0	1	5	0	0	1	0	0	1	0	5	0	0	1	0	0	3	0	2	0	0	1	0	0	5	2	0	1	1	1	0	0	0	0	0	1	1	0	0	2	0	0	0	0	0	0	1	0	2	1	1	4	2	0	0	0	0	1	3	0	4	0	1	5	5	0	0	1	0	0	0	5	0	3	8	0
Glycomycetaceae	0	0	0	0	0	0	0	0	0	1	0	0	0	0	0	0	0	0	0	0	0	0	0	0	0	0	0	0	3	0	2	1	0	0	5	0	0	0	0	0	0	0	0	4	0	0	1	0	0	2	0	0	0	0	0	1	0	0	2	0	0	0	1	1	0	0	0	0	0	0	0	0	0	0	0	3	0	0	0	0	0	0	0	0	0	0	0	6	0
Gordoniaceae	2	0	0	0	0	0	1	1	0	0	1	0	0	1	1	0	0	0	0	0	1	1	1	1	0	1	0	0	0	0	1	3	0	1	0	0	0	1	0	0	2	0	3	0	0	1	2	0	0	1	0	0	2	0	0	0	1	0	1	1	0	0	1	1	0	2	0	1	1	0	0	2	2	0	2	0	2	0	0	0	1	0	1	1	1	1	0	7	1
Gracilariaceae	0	0	0	5	0	0	7	0	4	0	0	0	1	0	0	0	0	4	0	0	0	0	0	16	0	6	0	11	0	0	0	0	1	0	4	1	0	0	0	4	0	3	7	0	0	0	14	7	0	0	0	0	10	1	0	3	0	0	0	0	0	0	2	8	0	0	0	0	0	0	0	0	0	8	0	0	0	0	0	3	0	0	1	0	0	0	0	0	0
Hahellaceae	0	0	0	0	0	0	1	0	0	0	0	0	0	0	0	0	0	0	0	0	0	0	0	0	0	0	0	0	0	0	0	0	0	0	0	0	0	0	0	0	0	0	0	0	0	0	0	0	0	0	0	0	0	0	0	0	0	0	2	0	0	0	0	0	0	0	0	0	0	0	0	0	0	0	0	0	0	0	0	0	0	0	0	0	0	0	0	0	0
Halanaerobiaceae	0	0	1	0	0	0	0	0	0	0	0	0	0	0	0	0	0	0	0	1	0	0	0	0	0	0	1	12	0	0	1	0	2	0	0	0	0	0	0	0	0	1	0	0	0	0	0	0	0	0	0	0	0	0	0	7	0	0	0	0	0	0	0	0	1	0	0	0	0	1	1	1	0	1	0	0	0	0	0	0	0	0	0	0	0	0	0	0	0
Halieaceae	0	0	0	0	0	0	0	0	0	0	0	0	0	0	0	0	0	0	0	0	0	0	0	0	0	0	0	0	0	0	0	0	0	0	0	0	0	0	0	0	0	0	0	0	0	0	0	0	0	1	0	0	0	0	1	0	0	0	0	0	0	0	0	0	0	0	0	0	0	0	0	0	0	0	0	0	0	0	0	0	0	0	0	0	0	0	0	0	0
Halobacteriaceae	0	0	0	0	0	0	0	0	0	0	0	1	1	0	1	0	0	0	0	0	0	0	0	0	0	0	0	0	0	0	0	0	0	0	0	0	0	0	0	0	0	3	0	0	0	0	0	0	0	0	0	0	0	0	0	0	0	0	0	0	0	0	0	2	0	0	0	0	0	0	0	0	0	0	0	0	0	0	0	0	0	0	0	0	0	0	0	0	1
Halobacteriovoraceae	0	0	0	0	2	0	0	1	0	0	0	0	0	0	0	0	0	0	0	0	0	0	0	0	0	0	3	0	0	0	0	0	0	0	0	0	0	0	0	0	0	0	0	0	0	0	0	0	0	0	0	0	0	0	0	0	0	0	0	0	0	0	0	0	0	0	0	0	0	0	0	0	0	0	0	0	0	0	0	0	0	0	0	0	0	0	0	0	0
Halobacteroidaceae	0	0	0	1	0	0	0	0	0	0	0	0	0	1	1	0	0	0	0	0	0	5	0	0	0	0	0	0	0	0	0	0	0	0	0	0	0	0	0	0	0	0	0	1	0	0	0	0	0	0	0	0	0	0	0	0	0	0	0	0	0	0	0	0	0	0	0	1	0	0	0	1	6	0	0	0	0	0	0	0	0	0	0	0	0	3	0	0	0
Haloferacaceae	0	0	0	0	2	0	0	2	0	0	0	0	0	0	0	0	0	0	0	0	0	0	0	0	0	0	0	0	0	0	0	0	0	0	0	0	0	0	0	0	0	0	0	0	0	0	0	0	0	0	0	0	0	0	0	0	0	0	0	0	0	1	0	0	0	0	0	0	0	0	0	0	0	0	0	0	0	0	0	0	0	0	0	0	0	0	0	0	0
Halomonadaceae	0	1	0	1	0	0	0	0	0	0	0	0	0	0	0	0	0	0	1	0	0	1	0	0	0	0	0	0	0	0	0	1	0	1	0	0	0	1	3	0	0	1	0	1	0	2	0	0	0	0	0	0	0	0	0	0	0	0	0	1	0	0	0	0	0	2	0	1	0	0	0	1	0	0	0	0	7	0	0	0	0	0	0	0	0	0	0	1	0
Halothiobacillaceae	0	0	0	0	0	0	0	0	0	0	0	0	0	0	0	0	0	0	0	0	0	1	0	0	0	0	0	0	0	0	0	0	0	0	0	0	0	0	0	0	0	0	0	5	0	0	0	0	0	0	0	0	0	0	0	0	0	0	0	0	0	0	0	0	0	0	0	0	0	0	0	0	0	0	0	0	0	0	0	3	0	0	1	0	0	0	0	0	0
Helicobacteraceae	3	3	13	4	2	4	12	4	24	12	9	9	2	5	4	2	11	16	12	0	0	4	2	1	2	5	7	4	6	9	9	1	4	14	2	9	9	2	2	58	3	1	9	0	69	4	0	3	7	7	2	6	5	15	8	2	6	9	0	13	4	96	1	7	2	4	7	6	7	10	17	22	0	4	6	2	37	3	13	2	4	6	22	8	26	2	5	0	1
Heliobacteriaceae	1	0	1	0	0	0	53	26	0	0	16	13	47	6	0	17	1	9	1	15	0	1	0	1	0	7	0	33	1	3	0	0	0	0	5	1	1	2	12	0	0	67	38	0	0	13	1	48	0	40	0	1	0	3	0	23	0	1	0	2	13	0	3	24	5	0	15	1	0	20	0	4	59	0	0	2	4	8	1	3	24	2	3	1	0	1	0	9	76
Herpesviridae	0	0	1	0	0	0	0	0	0	0	0	0	0	0	0	0	1	0	0	0	0	0	0	0	0	0	0	0	0	0	0	0	0	0	0	0	0	0	0	0	0	0	0	0	0	0	0	0	0	0	0	0	0	0	0	0	0	0	0	0	0	0	0	0	0	0	0	0	0	0	0	0	0	0	0	0	0	2	0	0	0	0	0	0	0	0	0	0	0
Histionidae	1	0	0	0	0	0	0	0	0	1	0	0	1	0	0	0	0	0	1	0	0	1	0	0	0	0	0	0	0	3	1	0	0	2	0	0	0	1	0	1	0	1	0	0	0	0	0	0	0	0	0	0	0	0	0	0	0	0	1	1	0	0	1	2	0	0	1	0	0	0	0	0	0	0	0	0	1	0	0	0	0	2	0	2	0	0	0	0	0
Hydrogenophilaceae	1	2	0	0	0	1	0	0	5	0	22	0	1	0	0	0	0	1	0	0	0	0	2	0	1	0	0	1	0	0	0	0	0	11	0	0	0	0	0	0	0	2	11	3	0	0	0	0	0	8	0	0	0	0	15	0	0	0	0	1	0	0	0	0	0	6	0	0	0	0	0	2	0	2	0	0	7	0	0	1	0	0	0	2	0	0	0	0	0
Hydrogenothermaceae	0	0	0	0	0	0	0	0	0	0	0	0	1	0	1	0	0	0	1	0	0	0	0	0	0	0	0	0	0	0	0	0	1	0	0	0	0	0	0	0	0	0	0	0	0	0	0	0	0	0	0	0	0	0	0	0	0	0	0	0	0	0	0	0	0	0	0	0	0	0	0	0	0	0	0	0	0	0	0	0	0	0	1	0	0	0	0	0	0
Hyphomicrobiaceae	1	0	0	0	2	0	0	0	0	1	0	1	4	0	0	1	2	0	1	1	0	2	1	0	1	3	0	0	1	0	0	6	3	0	0	0	0	1	0	0	0	2	0	1	2	0	2	0	0	1	1	1	0	2	1	5	0	0	0	0	0	0	0	3	0	0	2	0	1	1	1	1	0	0	0	0	0	3	0	0	0	0	0	4	0	0	3	3	0
Hyphomonadaceae	4	0	0	0	0	0	0	0	0	0	3	0	8	0	0	3	1	0	0	0	0	0	0	0	1	7	0	0	0	4	1	6	0	0	0	0	0	0	0	0	0	0	0	0	6	0	1	3	0	8	0	1	0	0	0	0	0	2	0	6	0	0	1	0	1	2	0	3	0	0	0	4	3	0	0	0	4	0	0	1	0	0	6	0	0	0	0	0	3
Hypocreaceae	0	0	0	0	0	0	0	0	0	0	1	0	2	0	0	0	0	0	0	0	0	0	0	0	0	0	0	0	0	0	0	0	0	0	0	0	0	0	0	0	0	0	0	0	0	0	2	0	0	0	0	0	0	0	1	0	0	0	0	0	0	0	0	0	0	0	0	0	0	0	0	1	0	0	0	0	0	0	0	0	0	0	0	0	0	0	0	0	0
Idiomarinaceae	0	0	0	0	0	0	0	0	0	0	0	0	0	0	0	0	0	0	0	0	0	0	0	0	0	0	0	0	0	0	0	0	0	0	0	0	0	0	0	0	0	0	0	0	0	0	0	0	0	0	0	0	0	0	0	0	0	0	0	1	0	0	0	0	0	0	0	0	0	0	0	0	0	0	0	0	0	0	0	0	0	0	1	0	5	0	0	0	0
Ignavibacteriaceae	0	0	0	0	0	0	0	0	0	0	0	0	0	0	0	0	0	0	0	0	0	0	0	0	0	0	0	0	0	0	0	0	0	0	0	0	0	0	0	0	0	0	0	0	0	0	0	0	0	0	0	0	0	0	0	0	0	0	0	1	0	0	0	0	0	0	0	0	0	0	0	2	0	0	0	0	0	0	0	0	1	0	0	0	0	0	0	0	0
Intrasporangiaceae	0	0	0	0	0	0	0	0	0	0	1	0	0	0	0	0	0	1	0	0	0	0	0	0	0	3	0	0	0	0	0	0	0	0	0	0	0	0	0	0	0	0	1	11	0	0	0	0	0	0	0	0	0	0	0	0	0	0	0	0	0	0	1	0	0	0	0	0	0	0	0	0	1	0	2	0	0	0	0	5	0	0	0	0	0	0	1	0	0
Isosphaeraceae	0	0	0	0	0	0	0	0	0	0	0	0	0	0	0	0	0	1	1	0	0	0	0	0	0	0	0	0	0	0	0	0	0	0	1	0	0	0	0	0	0	0	0	0	0	0	0	0	0	0	0	0	0	0	0	1	0	0	0	1	1	0	0	0	0	0	0	0	0	0	0	0	0	0	0	0	0	0	0	0	0	0	0	0	0	0	0	2	0
Jonesiaceae	0	0	0	0	0	0	0	0	0	0	0	0	1	0	0	0	0	0	0	0	0	0	0	0	0	0	0	0	0	0	0	0	0	0	0	0	0	0	0	0	0	0	0	0	0	0	0	0	0	0	0	0	0	0	0	0	0	0	0	0	0	0	0	0	0	0	0	0	0	0	0	0	0	0	0	0	0	0	0	0	0	0	0	0	0	0	0	0	0
Kineosporiaceae	0	1	0	0	0	3	0	0	0	0	0	0	0	7	0	1	0	1	0	0	0	0	1	0	0	4	0	0	0	0	0	0	0	0	0	1	0	2	0	0	0	1	0	15	0	0	0	4	0	0	0	0	0	3	1	0	0	0	0	0	1	0	9	5	1	0	2	0	0	3	0	0	1	3	4	0	0	0	0	0	0	1	0	0	5	0	0	2	5
Kofleriaceae	0	0	0	2	0	2	2	2	0	0	0	1	0	0	0	1	0	0	5	0	0	0	0	0	0	1	0	1	0	0	6	2	0	0	0	1	0	0	0	0	0	2	4	4	0	2	2	0	0	0	0	0	0	0	0	0	0	0	0	0	1	0	2	2	0	0	0	0	0	0	0	1	8	4	0	0	1	4	0	0	3	0	0	0	3	0	0	7	1
Kosmotogaceae	0	0	0	0	0	0	0	0	0	0	0	0	0	0	0	0	0	0	0	0	0	0	0	0	0	0	0	1	0	0	0	0	0	0	0	0	0	0	0	0	0	0	0	0	0	0	0	0	0	0	0	0	0	0	0	0	0	0	0	0	0	0	0	0	0	0	0	0	0	0	0	0	0	0	0	0	0	0	0	0	0	0	0	0	0	0	0	0	0
Lachnospiraceae	82995	81049	79973	83948	145771	100086	44274	100486	38105	65055	58910	55143	40888	41144	50770	76077	127471	27347	54905	123773	32958	47116	36964	83230	74024	63390	83998	51830	84504	29981	73597	44934	44633	54784	135200	27881	17597	46052	53039	35869	179715	43943	72198	1957	81129	51977	56493	42983	85615	69545	33983	73890	46558	56658	66153	65659	11893	49265	41099	57710	116172	76655	59073	49795	95362	54244	38653	43525	46613	68192	41565	89748	61812	123503	59577	81384	39341	45696	82867	54247	123372	29522	48857	70692	86107	70289	59828	22245	40439
Lactobacillaceae	96	30	53	68	48	160	122	7060	182	758	64	45	33	27	29	94	74	11	290	65	153	40	348	43	28	50	112	119	63	39	22	140	39	276	33	317	56	10495	97	32	88	110	29	408	89	126	536	69	79	145	265	44	44	31	93	162	357	207	166	97	76	264	78	96	69	45	29	218	24	101	37	75	23	58	46	71	26	51	144	33	315	106	97	32	465	13	103	27	780
Legionellaceae	1	0	2	0	0	0	0	0	1	0	0	0	0	0	0	0	0	0	0	0	0	0	0	0	0	0	0	0	0	0	0	0	0	0	0	0	0	0	0	0	0	0	5	0	0	0	0	0	0	0	0	0	0	0	0	0	0	0	0	0	0	2	3	0	0	0	0	0	0	0	0	0	0	0	0	1	0	0	0	0	0	0	6	0	0	0	0	0	0
Lentisphaeraceae	0	0	0	0	0	0	0	0	0	0	0	0	0	0	0	2	3	0	0	0	0	0	0	0	0	0	0	0	0	0	0	0	0	0	0	0	0	0	0	0	0	0	0	0	1	0	0	0	0	0	0	0	0	0	0	0	0	0	0	0	0	0	0	0	0	0	0	0	0	0	0	0	0	0	0	0	0	0	0	0	0	0	0	0	0	0	0	0	0
Leptospiraceae	0	0	0	1	0	4	0	0	0	0	0	0	0	0	0	0	0	0	0	0	0	1	0	0	0	0	0	0	0	0	0	0	0	0	1	0	0	0	0	0	0	0	0	0	0	0	0	0	0	0	0	0	0	0	0	0	0	0	1	0	0	0	4	0	0	0	0	5	0	0	0	0	0	0	0	0	0	0	0	0	0	0	0	0	0	0	0	5	2
Leptotrichiaceae	7	1	2	0	1	0	4	0	1	13	9	1	0	2	0	0	0	212	10	1	0	0	2	1	0	2	1	3	0	1	0	0	76	0	13	12	2	0	1	0	0	0	2	490	0	6	1	1	3	3	2	1	0	12	1	18	0	2	12	1	87	3	0	2	0	4	0	1	5	5	4	2	2	1	2	0	0	3	1	2	4	0	3	0	1	0	0	1	1
Leuconostocaceae	3	1	0	13	0	1	4	10	1	32	9	0	6	1	5	9	6	0	1	14	1	7	126	0	0	1	4	14	0	1	2	0	6	8	9	0	0	9	0	3	19	0	5	184	4	0	1	0	5	3	1	7	2	14	1	30	0	13	2	27	5	0	12	3	1	4	0	2	19	4	178	10	0	7	12	17	0	24	19	1	8	9	2	1	0	8	2	1	0
Listeriaceae	3	0	0	3	2	0	1	0	5	2	5	0	1	0	1	0	1	0	2	2	0	2	2	3	2	0	3	6	1	1	1	2	2	0	4	0	0	0	1	1	2	4	1	33	3	0	1	2	1	0	4	0	1	3	2	0	0	0	0	6	4	0	0	7	1	3	0	0	0	2	2	8	0	7	3	3	0	0	0	5	3	6	2	1	0	0	1	4	0
Magnaporthaceae	0	0	0	0	0	0	0	0	0	0	0	0	1	0	0	0	0	0	0	0	0	1	0	0	0	0	0	0	0	0	0	0	0	0	0	0	0	1	0	0	0	0	0	0	0	0	2	0	0	0	0	0	0	0	1	0	0	0	0	1	0	0	0	0	0	0	0	0	0	0	0	0	0	0	0	0	0	0	0	0	0	0	0	0	0	0	0	0	0
Magnetococcaceae	0	0	0	0	0	0	0	0	0	0	0	0	0	0	0	0	0	0	0	0	1	0	0	0	0	0	0	0	0	0	0	0	1	0	0	0	0	1	0	0	0	0	1	0	0	0	0	0	0	0	0	0	0	0	0	0	0	0	0	0	0	0	0	0	0	0	0	0	0	1	0	0	2	1	0	0	0	0	0	0	0	0	0	0	0	0	0	0	0
Malasseziaceae	0	0	0	0	0	0	0	14	0	0	0	0	0	0	0	0	0	0	0	0	0	1	0	0	0	0	0	0	0	0	0	0	0	0	0	0	0	0	0	0	0	0	0	91	0	0	0	1	1	0	0	0	0	0	0	0	0	0	1	0	0	0	0	0	0	0	0	0	0	0	0	0	0	1	1	0	0	2	0	0	0	0	0	0	1	0	0	0	0
Malawimonadidae	0	0	0	0	0	0	0	0	0	0	0	0	0	0	0	0	0	0	0	0	0	0	0	0	0	0	0	0	0	0	0	0	0	0	0	0	0	0	0	0	0	0	0	0	0	0	0	0	0	0	0	0	0	0	0	0	0	0	0	0	2	0	0	0	0	0	0	0	0	0	0	0	0	0	0	0	0	0	0	0	0	0	0	0	0	0	0	0	0
Mamiellaceae	0	0	11	1	0	0	0	0	0	0	1	0	0	0	0	0	0	0	8	0	0	0	1	0	0	0	0	0	0	0	0	0	0	0	3	2	0	0	0	0	0	12	0	0	0	1	0	0	0	11	0	0	0	0	0	0	3	0	5	0	0	0	5	0	5	0	0	1	0	1	0	1	1	0	1	0	0	6	0	0	0	0	13	1	0	0	1	7	29
Melioribacteraceae	0	0	0	0	0	0	0	0	0	0	0	0	0	0	0	0	0	0	0	0	0	0	0	0	0	0	0	0	0	0	0	0	0	0	0	0	0	0	0	0	0	0	0	0	0	0	0	0	0	0	0	0	0	1	0	0	0	0	0	0	0	0	1	0	0	0	0	0	0	0	0	0	0	0	0	0	0	0	0	0	0	0	0	0	0	0	1	0	0
Methanobacteriaceae	0	0	0	0	0	0	18	0	0	0	0	6	6	0	0	17	0	0	0	0	0	91	0	0	0	6	0	93	0	0	0	0	0	1	0	0	0	0	17	0	0	11	4	0	40	0	6	0	0	1	0	0	0	0	0	9	0	2	0	6	0	0	0	0	0	0	0	0	6	0	9	0	6	0	11	0	0	74	0	0	0	0	1	2	0	0	0	8	207
Methanocaldococcaceae	0	0	0	0	0	0	0	0	0	0	0	0	0	0	0	0	0	0	0	0	0	0	0	0	0	0	0	0	0	0	0	0	0	0	0	0	0	0	0	0	0	0	0	0	0	0	0	0	0	0	0	0	0	0	0	0	0	0	0	0	0	0	0	0	0	0	0	0	0	0	0	0	1	0	0	0	0	0	0	0	0	0	0	0	0	0	0	0	0
Methanocellaceae	0	0	0	0	0	0	0	0	0	0	0	1	0	0	0	0	0	0	0	0	0	0	0	0	1	0	0	0	0	0	0	0	0	0	0	0	0	0	0	0	0	0	2	0	0	0	0	0	0	0	0	0	0	0	0	0	0	0	0	0	0	0	0	0	0	0	0	0	0	0	0	0	1	0	0	0	0	0	0	0	0	0	0	0	0	0	0	0	0
Methanococcaceae	0	0	0	0	0	0	0	0	0	0	0	0	0	0	0	0	0	0	0	0	0	0	0	0	0	0	0	0	0	0	0	0	0	0	0	0	0	0	0	0	0	0	0	0	0	0	0	0	0	0	0	0	0	0	0	0	0	0	0	0	0	0	0	0	0	0	0	0	0	0	0	0	1	0	0	1	0	1	0	0	0	0	2	0	0	0	1	0	0
Methanocorpusculaceae	0	0	0	0	0	0	0	0	0	0	0	2	0	0	0	0	0	0	0	0	0	0	0	0	0	0	0	0	0	0	0	0	0	0	0	0	0	0	0	0	0	0	0	0	0	0	1	0	0	0	0	0	0	0	0	0	0	0	0	0	0	0	0	0	0	0	0	0	0	0	0	0	1	0	0	0	0	0	0	0	0	0	0	0	0	0	0	0	0
Methanomicrobiaceae	0	0	0	0	0	0	0	0	0	0	0	0	0	0	0	0	0	0	0	0	0	0	0	0	0	0	0	0	0	0	0	0	0	0	0	0	0	0	0	0	0	0	0	0	1	0	0	0	0	0	0	0	0	0	0	0	0	0	0	0	0	0	0	0	0	0	0	0	0	0	0	0	0	0	1	0	0	0	0	0	0	0	0	0	0	0	0	1	1
Methanopyraceae	0	0	0	0	0	0	0	0	0	0	0	0	0	0	0	0	0	0	0	0	0	0	0	0	0	0	0	0	0	0	0	0	0	0	0	0	0	0	0	0	0	0	0	0	0	0	0	0	0	0	0	0	0	0	0	0	0	0	0	1	0	0	0	0	0	0	0	0	0	0	0	0	0	0	0	0	0	0	0	0	0	0	0	0	0	0	0	0	0
Methanoregulaceae	0	0	0	0	0	0	0	0	0	0	0	0	3	0	0	0	0	0	0	0	0	0	0	0	0	0	0	0	0	0	0	0	0	0	0	0	0	0	0	0	0	0	0	0	0	0	0	0	0	0	0	0	0	0	0	0	0	0	0	0	0	0	0	0	0	0	0	0	0	0	0	0	0	0	0	0	0	0	0	0	0	0	0	0	0	0	0	0	0
Methanosarcinaceae	0	0	0	0	0	1	0	0	0	0	0	0	0	0	0	0	0	0	0	0	0	0	0	0	0	0	0	0	0	0	0	0	0	0	0	0	0	0	0	0	0	0	0	0	0	0	0	0	0	0	0	0	0	0	0	0	0	0	0	0	0	0	0	0	0	0	0	0	0	0	0	0	0	0	0	0	0	0	0	0	0	0	0	0	0	0	0	0	0
Methanospirillaceae	0	0	0	0	0	0	0	0	0	0	0	0	0	0	0	0	0	0	0	0	0	0	0	0	0	0	0	0	0	0	0	0	0	0	0	0	0	0	0	0	0	0	0	0	0	0	0	0	0	0	0	0	0	0	0	0	0	0	0	1	0	0	0	0	0	0	0	0	0	0	0	0	0	0	0	0	0	0	0	0	0	0	0	0	0	0	0	0	0
Methylobacteriaceae	0	5	5	5	5	0	6	0	0	3	4	16	17	2	0	16	2	1	7	2	2	1	1	0	0	1	0	2	1	2	0	0	2	11	11	0	0	4	6	1	0	3	4	1	5	1	6	2	0	8	0	1	0	0	2	6	5	1	1	1	0	6	24	1	6	0	0	4	2	6	0	1	13	1	17	4	0	5	0	0	1	0	2	0	0	2	5	6	0
Methylococcaceae	1	2	5	1	0	2	0	0	0	6	0	0	1	0	0	0	1	0	5	0	0	0	0	2	0	0	3	1	1	1	0	7	1	8	0	1	0	1	2	1	0	1	14	0	0	0	0	1	0	12	0	0	0	0	1	0	0	0	0	7	0	1	0	0	0	1	0	3	1	0	1	2	1	0	0	0	13	0	0	1	0	0	8	0	2	0	1	1	3
Methylocystaceae	0	0	0	0	0	0	0	0	0	0	0	0	0	0	0	0	0	0	0	0	0	1	0	0	0	0	1	1	0	0	0	1	0	0	0	0	0	0	0	0	0	0	1	0	0	0	0	0	0	0	0	0	0	0	1	0	0	0	0	0	0	0	0	0	0	0	0	0	0	0	0	0	0	0	0	0	0	0	0	0	1	0	0	6	0	0	0	0	0
Methylophilaceae	0	7	1	5	0	3	0	0	0	0	5	9	0	0	0	0	0	6	0	0	2	4	0	0	0	0	0	0	0	0	0	2	9	0	1	0	0	0	0	0	0	0	0	6	0	0	0	7	1	0	6	0	1	7	0	0	0	12	0	0	0	0	0	0	0	0	0	4	0	0	2	0	0	1	1	8	0	0	0	0	2	0	0	5	1	0	0	0	1
Microbacteriaceae	0	0	0	0	0	1	1	0	0	0	0	3	0	0	0	2	0	0	4	3	0	1	0	0	0	0	1	2	2	0	0	1	0	0	0	0	0	1	0	0	0	6	0	3	4	0	5	2	0	3	0	0	0	0	1	1	0	0	2	0	0	4	3	4	5	0	0	0	0	0	3	1	4	1	1	1	0	1	0	0	3	0	2	0	2	0	0	5	1
Micrococcaceae	17	26	9	14	11	5	11	114	165	15	190	7	53	19	15	7	28	18	40	12	19	16	6	13	14	5	20	6	6	4	99	45	9	66	11	8	4	270	13	3	10	50	8	2256	24	23	15	5	8	32	37	5	12	52	173	16	0	27	185	49	34	32	60	7	30	13	2	35	3	13	11	10	20	19	8	25	3	12	1	3	4	6	17	5	20	0	8	50	11
Micromonosporaceae	2	1	9	3	2	0	2	5	0	0	4	1	9	2	2	4	0	0	10	0	5	1	1	3	0	0	0	0	1	4	0	3	0	2	3	6	0	2	3	2	2	7	3	3	5	0	2	0	0	6	0	2	1	0	0	7	0	2	1	3	3	0	34	1	0	1	0	3	0	0	1	5	14	5	12	1	2	4	0	1	9	2	3	1	2	0	3	15	6
Monomastigaceae	0	0	0	0	0	0	0	0	0	0	0	0	0	0	0	0	1	0	0	0	0	0	0	0	0	0	0	1	0	0	0	0	0	0	0	0	0	0	0	0	0	0	1	0	0	0	0	0	0	0	0	0	0	0	0	0	0	0	0	0	0	0	0	0	0	0	2	0	1	0	0	0	0	0	0	1	0	0	0	0	0	1	0	0	0	0	0	0	1
Moraxellaceae	0	0	0	1	0	1	0	0	0	3	2	0	0	0	0	0	0	0	0	1	0	1	3	0	0	0	2	0	0	0	0	2	0	0	0	0	1	0	0	1	0	0	0	1	1	3	0	1	1	2	0	0	0	2	0	0	2	0	0	0	8	0	0	0	0	0	0	1	0	0	0	0	0	0	0	0	0	0	1	0	1	2	1	0	0	2	0	0	0
Moritellaceae	0	0	0	1	0	0	0	0	0	1	0	0	0	0	0	2	0	0	0	1	0	0	0	0	0	0	0	0	1	0	0	0	0	0	0	0	0	0	0	0	2	0	0	0	0	0	0	1	0	0	0	0	0	0	0	0	0	0	0	0	0	0	0	0	0	0	0	0	1	0	0	0	0	0	0	0	0	0	0	0	0	0	0	1	0	0	0	0	0
Mortierellaceae	0	0	0	0	0	0	0	0	0	0	0	0	0	0	0	0	0	0	0	0	0	0	0	0	0	0	0	0	0	0	0	0	0	0	0	0	0	0	0	0	0	0	0	4	0	0	0	0	0	0	0	0	0	0	0	0	0	0	0	0	0	0	0	0	0	0	0	0	0	0	0	0	1	0	0	0	0	0	0	0	0	0	0	1	1	0	0	0	0
Mucoraceae	1	0	0	0	0	0	0	0	0	0	1	0	0	0	0	0	0	0	0	0	0	0	0	0	0	0	0	0	0	0	0	0	0	0	0	0	0	0	0	0	0	0	0	0	0	0	0	0	0	0	0	0	0	0	0	0	0	0	0	0	0	0	0	0	0	0	0	0	0	0	0	0	0	0	0	0	0	0	0	0	0	0	0	0	0	0	0	0	0
Mycobacteriaceae	2	4	1	1	1	0	5	1	5	2	0	3	0	0	2	0	0	0	0	0	4	2	1	0	0	2	2	1	0	2	2	3	0	0	0	0	0	3	2	0	2	8	3	1	2	0	4	2	3	2	1	1	1	0	0	1	1	0	5	3	1	0	17	2	0	0	0	1	5	1	0	0	4	0	1	0	0	4	1	2	0	1	0	0	1	0	5	3	4
Mycoplasmataceae	10	0	1	2	1	0	0	0	1	0	0	4	2	0	4	1	0	0	1	1	0	8	0	0	0	10	0	33	1	0	2	1	1	4	0	1	0	1	1	0	2	2	7	2	4	5	6	1	0	6	0	0	0	0	0	2	2	0	0	1	2	0	0	26	3	0	1	0	0	2	0	3	9	0	1	11	0	3	0	1	6	0	11	1	0	0	0	1	26
Myoviridae	0	1	0	0	1	0	0	2	0	2	1	0	0	0	0	1	0	0	0	1	0	0	39	0	0	0	0	0	0	31	17	0	0	0	0	0	0	0	40	1	0	0	0	147	1	0	0	1	0	0	0	0	0	1	0	0	24	1	0	220	1	0	0	0	0	0	0	0	0	0	0	0	0	0	7	0	0	0	0	0	0	0	0	0	1	0	0	2	0
Myxococcaceae	3	4	9	3	1	4	7	2	0	6	9	8	9	2	1	2	1	0	6	0	6	2	0	1	0	7	0	14	2	5	15	7	0	8	1	3	0	16	5	0	1	6	8	0	6	2	5	3	0	10	0	0	2	2	2	1	0	3	8	4	2	3	34	3	1	0	0	5	0	2	0	2	24	3	3	4	1	10	1	0	0	5	6	6	1	0	4	29	0
Nakamurellaceae	0	0	2	0	4	0	0	0	0	0	0	1	0	0	0	0	1	0	0	0	0	0	3	0	0	1	0	1	0	0	0	0	1	0	0	0	0	0	0	0	0	4	1	0	0	4	0	0	0	0	0	0	0	0	0	1	0	3	0	0	0	0	10	0	0	0	0	2	0	0	0	0	1	0	0	0	0	4	0	0	0	0	6	0	1	0	0	1	1
Nannocystaceae	0	0	1	0	0	0	6	0	0	0	1	0	0	0	0	0	0	0	4	1	2	2	0	0	0	0	0	0	0	0	0	1	0	1	0	1	0	0	1	0	0	5	0	1	1	0	0	0	0	0	0	0	0	0	4	0	0	0	0	1	0	7	1	0	0	0	0	1	1	1	0	0	5	2	3	0	0	0	0	0	0	0	1	0	0	0	1	2	0
Natranaerobiaceae	0	0	0	0	0	0	0	1	0	0	0	0	0	0	0	0	2	0	0	2	0	0	0	0	0	0	5	0	0	1	0	1	0	0	0	0	0	0	0	0	0	0	0	0	0	0	0	0	0	0	0	0	0	0	0	0	0	0	0	0	0	0	0	0	0	0	0	0	0	0	0	0	0	0	0	0	0	0	0	0	0	0	0	2	0	0	0	0	0
Natrialbaceae	0	0	0	0	4	0	0	1	0	0	0	0	0	0	0	0	0	0	0	0	0	0	0	2	0	0	0	0	0	0	0	0	0	0	0	0	0	0	0	0	0	0	0	0	0	0	0	1	0	0	0	0	0	0	0	0	0	0	0	0	0	0	0	0	0	0	0	0	0	1	0	0	0	0	0	0	0	0	0	0	0	0	0	0	0	0	0	1	0
Nautiliaceae	0	0	0	0	0	0	0	0	0	0	0	0	0	0	0	0	0	0	0	0	0	0	0	0	0	0	0	0	0	0	0	0	0	0	0	1	0	0	0	0	0	0	3	0	0	0	0	0	0	0	0	0	0	0	0	0	0	0	0	0	0	0	0	0	0	0	0	0	0	0	0	0	0	0	0	0	0	0	0	0	1	0	0	0	0	0	0	0	0
Nectriaceae	0	0	0	0	0	0	1	1	0	1	0	0	0	0	0	0	0	2	0	0	0	0	0	0	0	1	0	0	0	0	0	0	6	0	0	0	0	0	0	0	0	0	0	0	0	0	0	0	0	1	0	0	0	0	0	1	0	0	0	0	0	0	1	0	0	0	0	0	1	0	0	0	1	0	0	0	0	0	0	0	0	0	0	0	1	0	1	0	0
Neisseriaceae	2	3	1	1	9	4	4	2	7	3	6	10	2	3	0	0	7	5	16	4	5	1	34	13	0	1	0	0	8	5	67	9	1	10	0	0	0	5	3	1	7	19	1	756	1	2	0	0	2	30	1	2	0	132	12	9	0	11	25	68	92	2	5	2	3	4	0	6	0	3	31	0	0	4	5	15	1	1	14	1	0	6	3	6	1	0	0	43	5
Nitrosomonadaceae	0	0	0	0	0	0	0	0	5	0	1	0	0	0	3	0	0	0	1	0	0	6	0	3	0	0	0	1	1	0	0	2	0	0	1	0	0	7	0	0	0	3	0	68	0	0	0	1	0	0	0	0	0	0	0	0	4	2	0	0	1	0	0	0	0	0	4	0	0	0	0	1	0	1	0	0	0	0	0	5	0	0	1	0	1	0	1	0	0
Nitrospiraceae	0	0	1	0	1	0	1	0	1	0	0	0	0	0	0	0	0	0	0	0	0	0	2	0	0	0	0	1	0	1	0	0	0	0	0	1	0	0	0	0	0	0	0	0	4	0	0	0	0	0	0	0	0	0	0	0	1	0	0	0	0	0	0	1	0	0	0	0	0	0	2	0	1	1	0	0	0	0	0	0	0	0	0	0	0	0	0	0	0
Nocardiaceae	2	0	9	10	3	0	7	1	0	0	3	0	0	0	0	5	4	3	17	2	1	2	0	0	0	4	0	0	1	2	0	3	0	0	0	3	0	5	0	1	5	2	2	9	1	7	0	0	4	2	1	0	2	0	0	3	1	3	8	2	0	0	8	6	9	1	2	1	0	0	3	1	10	0	7	0	7	3	0	0	0	0	1	4	1	2	0	17	5
Nocardioidaceae	0	0	0	0	0	4	1	0	0	0	0	1	0	0	1	5	0	0	0	0	0	2	1	0	1	0	1	2	1	0	0	0	0	0	0	0	0	0	0	0	0	7	0	0	0	0	0	0	0	0	0	0	1	0	0	0	0	1	0	0	1	2	5	1	1	1	0	0	0	0	0	0	0	0	6	1	3	0	0	1	0	0	2	0	0	0	0	5	0
Nocardiopsaceae	0	0	1	0	0	0	3	0	0	4	7	2	3	1	1	0	1	1	2	7	2	6	1	0	0	5	0	1	2	1	1	0	0	3	0	0	0	0	0	0	0	2	0	10	1	1	1	0	0	3	0	1	0	0	0	0	1	0	4	3	1	9	36	2	0	1	0	2	0	0	0	8	30	2	5	1	0	6	2	0	1	1	2	0	0	6	3	22	9
Noelaerhabdaceae	0	0	0	0	0	0	0	4	0	0	0	0	0	0	0	0	0	0	0	0	0	0	0	0	0	0	0	0	0	0	0	0	0	0	0	0	0	0	0	0	0	0	0	0	10	0	0	0	0	0	0	0	0	0	0	0	0	0	0	0	0	0	0	0	0	0	0	0	0	0	0	0	0	0	0	0	6	0	0	0	0	0	0	0	0	0	0	0	16
Nostocaceae	0	1	0	0	0	0	0	0	0	0	1	0	0	0	0	0	0	0	0	0	0	0	0	0	0	0	1	0	3	0	0	0	0	0	0	0	0	0	0	0	0	0	0	1	0	0	0	0	0	0	1	0	0	0	0	0	0	0	0	5	8	0	0	0	0	0	0	0	0	0	0	0	0	0	0	0	0	0	0	0	0	0	0	0	0	0	0	6	0
Oceanospirillaceae	0	0	0	0	0	0	0	0	0	0	0	0	0	1	0	0	0	0	0	0	0	0	0	0	0	0	0	0	0	0	0	0	1	0	0	0	0	0	0	0	0	0	2	0	0	0	0	0	0	0	0	0	0	0	0	0	0	0	0	0	0	0	0	0	0	1	0	0	0	0	0	0	0	0	0	0	0	0	0	0	0	0	0	0	0	0	0	2	0
Opitutaceae	0	1	1	1	0	0	0	0	0	0	1	0	0	0	1	1	0	0	1	0	1	2	1	0	1	1	0	2	0	0	0	0	0	0	0	0	0	0	0	0	0	5	3	0	0	1	0	0	0	0	0	0	0	0	0	0	0	0	0	0	0	0	1	0	0	1	0	0	19	1	0	2	0	0	1	0	0	0	1	0	1	0	0	1	2	1	0	6	0
Oscillospiraceae	217	481	381	299	189	365	224	262	210	206	301	590	362	133	139	326	152	56	688	248	218	303	285	86	302	342	115	508	183	162	253	275	107	347	216	336	29	557	252	108	233	574	449	4	255	296	524	218	79	330	152	87	330	41	162	425	242	225	282	446	190	97	883	218	305	197	85	227	262	182	138	391	1529	417	362	216	381	293	58	273	320	404	402	257	247	17	254	1332	321
Oxalobacteraceae	9	32	21	176	10	24	45	46	18	91	61	79	11	24	7	34	6	9	28	49	280	365	65	2	12	26	7	43	30	10	23	15	14	25	11	28	0	22	12	26	7	79	178	263	13	37	21	26	19	150	11	15	2	14	47	11	10	15	28	13	24	3	23	7	28	13	11	19	142	24	12	14	41	12	210	17	50	18	12	21	33	17	45	24	42	19	14	37	312
Paenibacillaceae	30	29	17	10	53	10	26	10	24	37	42	50	67	24	16	42	14	2	36	10	28	19	3	62	50	37	8	26	10	18	22	10	63	28	24	64	14	41	29	13	60	139	52	107	30	52	25	67	37	23	8	30	30	1	6	38	7	33	10	36	27	6	118	27	45	14	8	28	26	2	19	27	27	68	56	37	66	29	0	20	82	29	14	27	3	7	2	42	49
Parvularculaceae	0	0	0	0	0	0	0	0	0	0	0	0	0	0	0	0	0	0	0	0	0	0	0	0	0	2	0	0	0	1	0	0	0	0	0	0	0	1	0	0	0	0	0	0	0	0	0	0	0	0	0	0	0	0	1	0	0	0	0	0	0	1	0	0	0	0	0	0	0	0	0	0	0	1	0	0	0	0	0	0	0	0	0	0	0	0	0	0	0
Pasteurellaceae	77	33	3	25	939	15	12	0	14	267	453	4	16	138	48	0	58	1	658	186	1059	33	1048	228	8	15	1	15	13	5	593	81	5	269	17	8	2	144	28	4	562	7	13	1236	7	440	8	34	15	563	14	2	50	651	316	776	0	715	1317	1221	1923	7	3	8	33	87	11	54	3	250	315	14	0	397	4	75	9	19	10	2	59	24	117	18	487	0	7	135	832
Paulinellidae	10	0	0	0	4	9	0	0	0	0	0	0	0	0	0	0	1	0	0	0	0	0	0	0	0	13	0	0	18	0	0	0	21	14	0	0	0	13	0	0	0	25	14	0	46	0	9	0	0	0	0	0	5	20	0	0	0	0	0	0	17	0	0	0	10	29	14	0	0	0	0	0	0	0	0	0	0	4	0	0	0	0	0	0	8	0	0	10	15
Pelagibacteraceae	0	1	1	0	0	0	0	0	0	0	1	1	1	0	0	0	0	0	1	0	0	0	0	0	1	0	0	0	0	0	0	2	0	0	1	0	0	0	0	0	0	0	0	0	0	0	0	0	0	1	0	0	0	0	0	0	0	0	0	0	0	0	0	0	0	0	0	1	0	0	0	1	0	0	1	0	0	0	0	1	0	0	0	0	0	0	0	0	0
Pelobacteraceae	0	4	0	2	0	0	3	0	2	1	0	1	1	1	2	3	0	2	0	0	0	1	2	0	0	1	0	2	0	0	8	4	0	1	0	0	0	13	4	0	0	7	2	2	0	0	0	0	0	9	2	1	0	0	0	4	4	1	2	1	2	0	9	6	1	2	0	1	3	0	0	1	11	0	5	0	1	4	0	0	1	1	11	0	7	0	1	0	0
Peptococcaceae	30	34	52	16	4	14	39	2	6	16	4	24	13	6	8	27	17	7	25	16	7	23	13	5	16	39	57	64	16	12	7	28	25	17	29	29	1	23	27	38	43	152	70	1	35	43	41	30	9	67	144	17	3	37	6	66	8	7	17	12	41	3	30	15	39	141	11	19	9	11	26	4	115	13	94	25	29	44	0	15	32	20	21	18	39	25	3	54	52
Peptoniphilaceae	19	9	20	20	10	100	438	11	5	11	13	26	20	9	23	34	17	16	17	33	14	7	6	28	4	10	11	28	2	5	0	12	20	4	32	182	1	1	8	21	14	18	8	11	5	20	30	6	7	23	0	5	9	2	5	8	6	6	13	10	22	16	9	16	8	12	5	2	6	163	8	18	31	29	37	7	6	141	5	12	1	15	18	2	19	8	4	1	11
Peptostreptococcaceae	412	443	1772	787	1745	1643	2010	2231	860	1431	282	571	344	1743	895	1232	3057	888	1326	2613	638	1032	993	2736	783	1192	952	784	2157	623	1726	779	541	1242	1312	1588	447	655	1058	1012	2156	669	700	1033	777	1803	884	307	690	513	385	3458	1745	1816	1126	1804	1142	846	1507	643	1266	723	217	870	745	467	1370	852	686	2440	646	3013	308	1954	854	370	1637	1170	1645	706	698	1526	803	261	1220	1522	843	140	439
Peronosporaceae	0	0	5	1	0	0	0	3	0	0	0	0	0	1	0	0	0	0	0	0	0	0	0	0	0	0	0	1	2	0	0	0	0	0	1	0	1	0	2	0	0	0	0	28	0	0	0	0	0	0	0	0	0	0	0	0	0	0	0	0	6	0	0	0	3	0	0	3	0	0	0	0	0	0	0	0	0	0	0	0	0	0	5	2	0	0	2	0	0
Phaeodactylaceae	0	0	4	0	0	0	0	0	0	0	0	6	0	0	0	0	0	0	1	0	0	0	2	0	0	0	0	0	0	0	0	0	0	0	0	0	0	0	0	0	0	0	0	5	0	0	0	0	0	0	0	0	0	0	0	0	0	0	0	0	0	0	0	0	0	0	0	0	0	0	0	6	0	0	0	0	0	0	0	0	0	0	9	0	0	0	0	1	0
Phaeosphaeriaceae	0	0	0	0	0	0	0	0	0	0	0	0	0	0	0	0	0	0	0	0	0	0	0	0	0	0	0	0	0	0	0	0	0	0	0	0	0	0	0	0	0	0	0	0	0	0	0	0	0	0	0	0	0	0	0	0	0	0	0	0	0	0	0	0	0	0	0	0	0	0	0	0	0	0	0	0	0	0	0	0	0	1	0	0	0	0	0	0	0
Phanerochaetaceae	0	0	0	0	0	0	0	0	0	0	0	0	0	0	0	0	0	0	0	0	0	0	0	0	0	0	0	0	0	0	0	0	0	0	0	0	0	0	0	0	0	0	0	0	0	0	0	0	0	1	0	0	0	0	0	0	0	0	0	0	0	0	0	0	0	0	0	0	0	0	0	0	0	0	0	0	0	0	0	0	0	0	0	0	0	0	0	0	0
Phycisphaeraceae	2	0	0	0	0	0	0	0	0	0	0	0	0	0	1	0	0	0	1	0	0	2	0	0	0	0	0	1	1	0	6	0	0	0	0	0	0	2	0	0	0	0	0	0	0	0	1	0	0	1	0	0	3	0	0	0	0	0	0	1	0	0	1	0	0	0	0	0	0	0	0	0	4	2	0	0	0	1	0	0	0	0	2	1	0	0	0	2	0
Phyllobacteriaceae	0	2	3	2	0	0	0	0	0	0	1	0	0	0	0	0	0	0	1	1	0	1	1	0	0	1	0	2	0	4	0	1	0	0	1	0	0	1	3	0	0	7	4	4	1	0	0	0	0	0	0	0	0	1	3	0	0	0	0	0	1	0	2	0	0	0	0	0	0	0	0	0	5	5	1	0	0	1	0	0	0	0	3	0	4	1	0	1	0
Piscirickettsiaceae	0	0	0	0	0	0	0	2	0	1	0	1	0	0	1	0	0	0	0	0	0	0	0	0	0	3	0	1	1	0	0	0	0	0	1	0	0	0	0	0	0	2	0	0	2	0	2	0	0	0	0	0	0	2	0	0	0	0	0	0	1	0	0	0	0	0	0	0	0	0	0	4	0	0	0	0	0	1	0	1	0	0	2	0	0	0	0	0	0
Planctomycetaceae	0	1	0	1	0	0	0	0	0	1	1	1	0	0	0	0	0	0	0	0	0	0	1	1	0	2	0	0	0	0	0	0	0	0	0	0	0	1	1	0	0	1	0	1	0	0	1	0	1	1	0	0	0	0	0	0	0	1	0	0	2	0	0	0	1	1	0	0	0	0	0	0	1	1	0	0	1	0	0	0	1	0	0	0	0	0	0	0	0
Planococcaceae	0	0	0	0	0	0	0	0	0	0	0	0	0	0	0	0	0	0	0	0	0	0	0	0	0	0	0	0	0	0	0	0	0	0	0	0	1	12	0	0	0	0	0	50	0	0	0	0	0	0	0	0	0	1	0	0	0	0	0	0	0	0	0	0	0	0	82	0	0	0	0	0	0	0	0	2	0	0	1	0	0	0	0	0	0	0	0	0	0
Plasmodiidae	0	0	0	0	0	0	0	0	0	0	0	0	0	0	0	4	0	0	0	0	0	0	0	0	0	0	0	0	0	0	0	0	0	0	0	0	0	0	0	0	0	0	0	1	0	0	0	0	0	0	0	0	0	0	0	0	0	0	0	0	0	0	0	0	0	0	0	0	0	0	0	0	0	0	0	0	0	0	0	0	0	0	0	0	0	0	0	0	0
Pleosporaceae	0	0	0	0	0	0	0	0	0	0	0	0	0	0	0	0	0	0	0	0	0	0	0	0	0	0	0	0	0	0	0	0	0	0	0	0	0	0	0	0	0	0	0	0	0	0	0	0	0	0	0	0	0	0	0	1	0	0	0	0	0	0	0	0	0	0	0	0	0	0	0	0	0	0	0	0	0	0	0	0	0	0	0	0	0	0	0	0	0
Podoviridae	0	0	0	0	0	0	0	0	0	0	0	1	0	0	0	0	0	0	0	0	0	0	24	0	2	0	0	0	0	0	3	0	0	0	0	0	4	107	14	0	0	0	0	21	0	0	0	0	0	0	0	0	0	0	0	0	10	0	0	0	0	0	0	0	0	0	0	0	1	0	0	0	0	0	8	0	0	1	0	0	0	0	0	0	0	0	0	0	0
Polyangiaceae	0	0	0	0	0	1	0	0	0	0	0	0	0	0	0	0	0	0	1	0	0	0	0	1	0	0	0	1	0	0	0	0	0	0	0	0	0	1	0	0	0	5	1	1	0	0	0	0	0	0	0	0	0	0	0	0	0	0	0	0	0	0	9	1	2	0	0	1	0	0	0	3	0	0	4	0	0	1	0	0	0	1	0	1	0	0	0	1	0
Porphyromonadaceae	18597	40788	19059	18499	15419	18918	76455	22651	31043	30179	19644	5901	50487	15418	37574	23644	42220	47057	8369	24773	11278	13115	17838	12667	9718	21930	97783	14018	2149	67946	30760	46048	37210	33842	29957	44075	35246	20418	23995	148701	12106	15849	12833	617	26969	10268	53653	36011	22170	8887	65073	54970	35149	50	29305	28610	24454	55383	8690	11608	19665	551	14078	11136	28557	26435	77611	45580	25000	21754	59236	362	12069	31876	25511	24808	30330	62029	3187	52852	8251	106383	7576	41241	28460	113979	46284	4363	29259
Prevotellaceae	25	45	15	201	66	29	92	66	47	50	4430	187	9	46	27	21	36	31	20	13	7134	195	4580	180	9	10	33	1267	1	27	14	38	75	3715	53	903	17	2701	111	3	70	30	49	38	756	7897	2845	363	124	1100	2159	26	79	7	177	1910	10	6928	8679	2429	36	4	28	19	48	12	48	31	17	1064	37	5	2016	381	276	2620	88	69	8	101	2350	1624	205	18	442	28	35	1083	13
Prochlorococcaceae	0	0	0	0	0	0	0	0	0	0	0	0	3	0	0	0	0	0	0	1	0	1	0	0	0	0	0	0	1	0	0	0	0	0	0	0	3	0	0	0	0	0	0	0	0	0	0	0	0	0	0	0	0	0	0	0	0	0	0	1	2	0	0	0	0	2	0	0	1	0	0	0	0	0	0	0	0	0	0	0	1	0	3	0	0	0	0	0	1
Promicromonosporaceae	1	1	0	1	0	1	0	0	0	2	4	0	0	1	0	1	2	0	8	0	0	1	1	0	0	1	0	1	0	0	0	2	0	0	1	0	0	2	0	1	0	9	3	16	0	3	0	1	0	1	4	0	0	1	1	10	0	3	6	9	3	3	22	5	0	4	0	0	0	2	2	0	0	1	0	1	1	6	0	1	0	2	0	1	1	1	0	19	2
Propionibacteriaceae	8	1	4	3	4	2	12	1	2	7	11	3	1	4	2	3	2	2	7	5	0	1	4	4	1	2	4	8	1	0	4	1	1	2	4	3	0	4	5	0	4	10	1	13	4	10	6	2	6	3	0	3	3	6	2	6	1	63	8	0	1	0	14	9	1	0	1	3	9	7	3	1	7	3	2	8	1	1	1	5	3	3	28	1	0	0	3	69	2
Psathyrellaceae	0	0	0	0	0	0	0	0	0	0	0	0	0	0	0	0	0	0	0	0	0	0	0	0	0	0	0	0	0	0	0	0	0	0	0	0	0	0	0	0	0	0	0	0	0	0	0	0	0	0	0	0	0	0	0	0	0	0	0	0	0	0	0	0	1	0	0	0	0	0	0	0	0	0	0	0	0	0	0	0	0	0	0	0	0	0	0	0	0
Pseudoalteromonadaceae	0	0	0	0	0	0	0	0	0	0	0	0	0	0	0	0	0	0	0	0	0	1	0	0	0	0	0	0	0	0	0	0	0	0	0	0	0	0	0	0	0	0	0	0	0	0	0	0	0	0	0	0	0	0	0	0	0	0	0	1	0	0	0	0	0	0	0	0	0	0	0	0	0	0	0	0	0	0	0	0	0	0	0	0	0	0	0	1	1
Pseudomonadaceae	14	10	3	8	22	3	3	5	3	147	3	44	2	6	3	26	6	4	31	32	20	12	12	11	0	2	5	8	22	2	2	8	10	24	83	2	0	15	18	5	18	32	133	29	686	10	5	4	3	96	1	4	0	3	14	52	8	41	12	435	53	0	6	185	4	3	5	7	0	2	3	5	13	6	13	4	11	8	2	2	4	6	19	1	12	1	15	111	8
Pseudonocardiaceae	0	1	2	6	1	2	12	1	0	2	1	4	2	3	0	0	1	1	7	4	1	2	0	2	2	4	0	2	0	1	3	0	4	0	7	1	0	2	0	0	0	9	0	3	5	0	0	0	0	0	0	0	0	2	0	4	0	0	6	1	0	3	21	5	3	1	0	6	1	0	1	3	17	7	1	1	7	1	0	0	0	1	1	5	0	0	0	24	4
Psychromonadaceae	0	0	0	0	0	0	0	0	0	0	0	0	0	0	0	0	0	0	0	0	0	0	0	0	0	0	0	0	0	0	0	0	0	0	0	0	0	0	0	0	0	0	0	0	0	0	0	0	0	0	0	0	0	0	0	0	0	0	0	0	0	0	0	7	0	0	0	0	0	0	0	0	0	0	0	0	0	0	0	0	0	0	0	0	0	0	0	0	0
Pucciniaceae	7	0	1	1	0	1	1	1	2	10	0	8	0	0	8	0	4	1	9	1	4	3	3	7	13	0	2	10	4	6	1	0	0	1	3	1	5	0	2	11	2	0	0	230	0	0	0	0	1	1	2	0	8	42	2	0	2	0	2	13	6	0	3	1	2	0	0	0	0	2	2	6	0	3	2	4	9	8	10	2	2	3	8	1	2	1	3	4	1
Puniceicoccaceae	0	0	0	0	0	0	0	0	0	0	0	0	0	0	0	0	0	0	0	0	0	0	0	0	0	0	0	0	0	0	0	0	0	0	0	0	0	0	0	0	0	0	0	0	0	0	0	0	0	0	0	0	0	0	0	0	0	0	0	1	0	0	0	0	0	1	0	0	0	0	0	0	0	0	0	0	0	0	0	2	0	0	0	1	0	0	0	0	0
Pycnococcaceae	1	2	1	2	2	1	2	1	0	2	1	1	0	0	0	4	0	1	0	1	0	8	1	0	1	0	2	0	0	1	1	0	4	1	7	0	0	0	5	0	4	0	2	3	0	3	0	5	0	1	5	0	3	0	0	0	1	2	0	5	0	0	2	1	0	1	1	3	0	1	3	1	2	2	1	2	2	0	1	1	1	5	1	1	1	0	0	1	1
Pyrenomonadaceae	5	0	0	0	0	0	0	1	0	0	0	0	0	0	0	0	0	0	0	12	0	0	1	0	0	0	0	0	0	0	0	0	0	0	0	0	0	0	0	0	0	0	0	0	0	0	0	0	0	0	0	0	0	0	0	0	0	0	0	0	0	0	0	0	0	0	0	0	0	7	0	0	0	1	0	0	0	0	0	0	0	0	0	0	0	0	0	0	0
Pyrodictiaceae	0	0	0	0	0	0	0	0	0	0	0	0	0	0	0	0	0	0	0	0	0	0	0	0	0	0	0	0	0	0	0	0	0	0	0	0	0	0	0	0	0	0	0	0	0	0	0	0	0	0	0	0	0	0	0	0	0	0	0	1	0	0	0	0	0	0	0	0	0	0	0	0	0	0	0	0	0	0	0	0	0	0	0	0	0	0	0	0	0
Pythiaceae	0	0	0	0	0	0	1	0	0	0	0	0	0	0	0	0	0	0	0	0	0	0	0	0	0	0	0	0	0	0	0	0	0	0	0	0	0	0	0	0	0	0	0	0	0	0	0	0	0	0	0	0	0	0	0	0	0	0	0	0	0	0	0	0	0	0	0	0	0	0	0	0	0	0	0	0	0	0	0	0	0	0	0	0	0	0	0	0	0
Retroviridae	0	0	0	0	0	0	0	0	0	0	0	0	0	0	0	0	0	0	0	0	0	0	0	0	0	0	0	0	0	0	0	0	0	0	0	0	0	0	0	0	0	0	0	2	0	0	0	0	0	0	0	0	0	0	0	0	0	0	0	0	0	0	0	0	0	0	0	0	0	0	1	0	0	0	0	0	0	0	0	0	0	0	0	0	0	0	0	0	0
Rhizobiaceae	11	2	12	7	1	0	1	1	12	8	0	8	9	0	0	4	5	1	4	2	0	3	4	1	5	1	5	4	4	8	2	25	2	8	4	3	1	14	4	2	4	27	1	15	2	3	5	4	1	5	1	1	1	0	7	0	5	0	0	2	7	1	15	12	3	5	0	4	1	5	1	3	4	1	10	4	3	3	0	0	6	5	10	16	5	0	0	3	2
Rhizopodaceae	0	0	0	0	0	0	0	0	0	0	0	0	0	0	0	0	0	0	0	0	0	0	0	0	0	0	0	0	0	0	0	0	0	0	0	0	0	0	0	0	0	0	0	0	0	0	0	0	0	0	0	0	0	0	0	0	0	0	0	0	0	0	0	0	0	0	0	0	0	0	0	1	0	0	0	0	0	0	0	0	0	0	0	0	0	0	0	0	0
Rhodobacteraceae	0	2	10	10	2	3	4	3	1	2	0	9	11	0	0	0	12	7	9	3	2	13	2	2	2	5	6	0	1	18	2	8	0	1	1	4	0	8	4	0	1	40	4	3	2	1	4	1	0	5	0	2	4	0	1	1	0	0	3	4	1	0	8	7	4	1	3	6	0	0	1	4	13	3	2	2	7	1	3	3	0	4	3	4	8	0	0	9	6
Rhodobiaceae	0	0	0	1	0	0	0	0	0	0	1	1	0	0	0	0	0	0	1	0	0	0	1	0	0	0	1	0	0	0	0	2	0	0	0	0	0	0	1	0	0	0	0	0	0	0	0	0	0	0	0	0	0	0	3	0	0	0	0	0	1	0	4	1	0	0	0	0	0	1	1	0	0	0	0	1	0	0	0	0	1	1	0	0	1	0	0	0	0
Rhodocyclaceae	15	39	9	8	14	2	1	1	71	3	61	31	12	1	0	15	2	15	0	5	1	14	31	3	6	5	2	13	23	9	17	18	31	24	1	7	0	15	6	2	5	8	2	353	13	27	20	26	0	4	0	2	22	3	28	1	20	12	13	9	2	0	21	1	6	9	0	15	11	19	11	0	35	8	4	52	10	21	15	42	6	18	9	18	25	1	6	45	4
Rhodospirillaceae	24	8	17	8	0	6	8	1	6	6	2	15	44	0	0	12	1	8	28	0	6	19	2	3	10	5	2	5	3	10	8	34	4	15	15	9	1	24	12	14	1	70	32	7	5	17	19	4	1	13	2	2	3	1	12	20	1	8	4	12	7	6	26	3	5	5	10	12	6	0	6	7	31	6	16	3	8	38	2	19	18	32	39	38	13	2	3	70	1
Rhodothermaceae	0	1	0	1	1	0	0	0	5	1	3	2	4	0	1	0	0	0	1	1	1	15	0	0	1	2	1	3	2	0	1	0	0	1	0	1	0	0	0	2	3	2	0	0	0	1	1	0	0	1	3	0	0	1	2	2	0	1	1	3	6	19	2	1	3	0	0	2	0	0	1	1	0	0	0	0	1	4	1	1	1	2	10	2	1	0	1	2	6
Rickettsiaceae	0	0	0	0	0	0	0	0	0	1	0	0	2	0	1	0	1	0	0	1	0	0	0	0	0	0	3	0	0	0	0	0	0	0	0	0	0	0	0	0	0	1	0	0	0	0	0	0	0	0	0	0	0	0	0	0	0	0	0	1	1	0	0	0	1	0	0	0	0	0	0	0	0	0	0	0	0	0	0	0	0	1	0	2	0	0	0	0	0
Rikenellaceae	4613	7593	1186	3857	2575	7948	13834	6207	22355	5203	6214	2432	3200	5737	14976	4607	2846	4669	1983	2762	847	6747	2152	898	2391	4044	14018	12037	6046	7353	16163	9808	2027	9641	5328	1675	2413	4073	7110	29339	2212	1922	1011	137	1833	2012	3168	36313	1409	2346	21971	3126	3281	895	3108	7714	3693	3640	1564	1618	1637	12169	6434	3749	4636	2704	7703	9534	10222	2285	10169	2696	2994	4450	6684	1302	8831	37605	4055	3602	718	33805	3361	9222	4769	199	13878	2566	999
Rivulariaceae	0	0	0	0	0	0	0	0	0	0	0	0	0	0	0	0	0	0	0	0	0	0	0	0	0	0	0	0	0	0	0	0	0	0	0	0	0	0	0	0	0	0	0	0	0	0	0	0	0	0	0	0	0	0	0	0	0	0	0	0	0	0	0	0	0	0	0	0	0	0	0	0	0	0	0	0	0	0	0	0	0	0	0	0	0	0	0	0	3
Roseiflexaceae	1	0	0	0	0	1	0	0	0	0	0	0	1	0	0	0	0	0	0	1	0	0	1	0	0	0	0	0	0	2	0	0	0	0	0	0	0	0	0	0	0	1	0	0	0	0	0	0	0	0	0	0	0	0	0	0	0	0	0	0	0	0	0	0	0	1	0	0	0	0	0	0	0	0	0	0	0	0	0	0	1	0	0	0	0	0	0	2	0
Rubrobacteraceae	0	0	0	0	0	0	1	0	1	0	0	0	0	0	0	0	0	0	0	0	0	0	0	0	0	0	0	5	0	2	0	1	0	0	1	1	0	0	0	2	0	0	1	0	0	3	4	0	0	0	1	0	0	0	0	0	0	0	0	1	1	0	0	0	0	0	0	0	0	0	0	2	0	1	0	0	1	1	0	0	1	1	0	0	0	0	0	0	1
Ruminococcaceae	15673	6999	10766	20179	14223	15168	3024	11883	10524	8729	7621	4646	5519	23815	14611	21385	12324	4596	11381	8485	6179	5514	4456	24393	6556	8326	35902	4234	29115	7580	18801	17140	8042	16213	16010	7896	3454	7312	9151	2155	27065	2505	6399	709	5581	6414	6081	6440	5358	11172	11921	10988	9176	7744	18763	4826	6501	7430	5855	5245	11858	53393	6428	10422	11633	8088	8673	17880	2650	15536	7605	21129	3239	16520	8358	12518	5024	7788	11581	11801	14760	16852	7360	6393	10394	272	9652	1908	4752
Saccharomycetaceae	4	3	5	11	5	0	24	131	26	3	4	5	3	29	27	8	3	2	8	8	23	2	0	0	0	12	5	4	4	0	0	14	2	4	9	5	2	2	23	0	0	0	16	0	0	3	3	15	6	8	1	17	4	3	0	4	4	380	5	54	4	2	0	19	0	0	2	14	20	19	13	12	0	5	2	3	0	2	2	4	8	3	55	22	9	2	21	2	51
Salpingoecidae	0	0	4	0	0	0	0	0	0	0	0	1	0	0	0	0	0	0	0	0	0	0	0	1	0	0	0	1	0	0	0	0	0	0	0	0	0	0	0	0	0	0	0	11	0	0	0	0	0	1	0	0	0	0	1	0	0	0	0	1	0	2	0	0	0	0	0	0	0	3	0	10	0	5	0	0	0	0	0	0	1	0	1	0	0	0	0	0	0
Sanguibacteraceae	0	0	3	0	1	0	1	0	2	0	0	3	6	0	0	1	2	0	0	0	0	0	0	0	0	0	0	0	0	0	0	0	0	4	0	1	0	0	1	1	4	0	0	8	1	0	2	0	0	1	0	0	0	1	1	1	0	0	7	0	2	0	0	0	2	0	0	0	1	6	0	0	0	0	1	0	0	0	0	0	0	0	0	0	0	1	0	2	0
Saprospiraceae	0	0	0	0	0	0	0	0	0	0	1	0	0	0	0	0	0	4	0	0	0	1	0	0	0	0	1	0	0	1	0	2	0	0	0	0	0	7	0	0	0	4	0	0	0	5	0	0	0	0	0	0	0	0	3	0	0	0	0	0	1	0	0	1	1	0	0	2	0	0	0	0	5	0	0	0	0	0	0	0	0	1	0	0	0	1	1	0	0
Scenedesmaceae	0	0	0	0	0	0	0	0	0	0	0	0	0	0	0	0	0	0	0	0	0	0	0	0	0	0	0	0	0	0	0	0	0	0	0	0	0	0	0	0	0	0	0	0	0	0	0	0	0	0	0	1	0	0	0	0	0	0	0	0	0	0	0	0	0	0	0	0	0	0	0	0	0	0	0	0	0	0	0	0	0	0	0	0	0	0	0	0	0
Schizosaccharomycetaceae	0	0	0	0	0	0	0	0	0	0	0	0	0	0	0	0	0	0	0	0	0	0	0	0	0	0	0	0	0	0	0	0	0	0	0	0	0	0	0	0	0	0	0	0	0	0	0	0	0	4	0	0	0	0	0	1	0	0	0	0	0	0	0	0	0	0	0	0	0	0	0	0	0	0	0	0	0	0	0	0	0	0	0	0	2	0	0	0	0
Sclerotiniaceae	0	0	0	0	0	0	0	0	0	0	0	0	0	0	0	0	0	0	0	0	0	0	0	0	0	0	0	0	0	0	0	0	0	0	0	0	0	0	0	0	0	0	0	0	0	0	0	0	0	0	0	0	0	0	0	0	0	0	0	0	1	0	0	0	1	0	0	0	0	1	0	0	0	0	0	0	0	0	0	0	0	0	1	0	0	0	0	0	0
Segniliparaceae	0	0	0	0	0	0	3	0	0	0	0	0	0	0	0	1	0	0	0	0	0	0	0	0	0	0	0	0	0	0	0	0	0	0	0	0	0	0	0	0	0	0	2	0	0	0	0	0	0	0	0	0	0	0	0	0	0	0	0	0	0	0	0	0	0	0	0	0	0	0	0	0	0	0	0	0	0	0	0	0	0	0	0	0	0	0	0	0	0
Shewanellaceae	0	1	4	0	0	0	0	1	0	3	4	0	0	0	0	0	1	0	0	0	0	5	0	0	0	0	0	1	0	0	1	0	0	0	0	0	0	0	5	0	0	0	0	1	0	0	0	0	0	2	0	0	0	0	0	0	0	0	0	0	0	0	0	0	1	0	0	0	6	0	0	0	0	0	0	0	0	0	0	2	0	0	1	2	0	0	0	1	1
Simkaniaceae	0	0	0	0	0	0	0	0	0	0	0	0	0	0	0	0	0	0	0	0	0	0	0	0	0	0	0	0	0	0	0	0	0	0	0	0	0	0	0	0	0	0	0	0	0	0	0	0	0	0	0	0	0	0	0	0	0	0	0	0	0	0	0	0	0	0	0	0	0	0	0	0	0	0	1	0	0	0	0	0	0	0	0	0	0	0	0	0	0
Siphoviridae	25	8	4	1	542	2	142	34	6	6	0	5	67	1933	1	0	0	0	3	5	0	0	21	59	0	5	1	0	10	13	23	1	0	0	4	10	4	22	15	0	563	0	2	75	1	0	44	0	9	0	0	6	429	1	3	0	3932	299	4	6	15	7	0	107	13	0	1	0	6	3	1	16	4	1	5	0	1	0	73	0	1	7	0	2	9	0	0	0	1
Solibacteraceae	0	0	0	0	0	0	0	0	0	0	0	0	0	3	0	0	0	0	1	0	0	0	0	0	1	0	0	0	0	0	0	3	0	0	0	0	0	1	0	1	0	1	1	0	0	0	0	0	0	0	1	0	0	0	0	0	0	0	0	0	2	3	0	0	0	0	0	0	0	0	0	3	0	0	2	0	0	0	0	0	0	5	0	0	0	0	0	0	0
Sordariaceae	60	66	65	83	48	43	93	53	48	24	108	115	150	23	25	53	55	48	109	83	54	76	87	55	64	58	47	118	59	53	106	96	61	99	56	39	9	147	87	23	71	273	89	355	121	97	90	75	38	141	71	17	48	33	77	98	59	46	53	204	79	14	165	87	74	55	26	67	52	48	40	96	209	76	117	49	79	62	91	45	89	76	113	66	94	4	42	212	102
Sphaerobacteraceae	0	0	1	0	0	0	1	0	0	1	0	1	0	0	0	0	0	0	0	0	0	0	0	0	0	0	0	0	0	0	1	0	0	0	0	0	0	1	0	0	0	1	0	0	0	0	2	0	0	0	0	0	0	0	0	0	0	0	0	0	0	1	0	0	0	0	0	0	0	0	0	0	3	1	0	0	1	1	0	0	0	0	0	0	0	0	0	2	0
Sphingobacteriaceae	2	2	1	9	0	0	0	0	1	3	0	11	0	5	0	1	0	0	0	0	1	1	0	0	0	6	0	5	1	3	0	1	0	1	0	0	0	20	0	4	0	0	0	0	0	8	0	7	0	1	0	0	0	0	4	0	0	0	0	1	2	0	0	0	1	1	1	0	8	1	0	0	0	0	0	2	1	2	1	0	4	5	1	6	3	4	1	0	5
Sphingomonadaceae	1	1	3	8	1	0	0	0	2	6	1	2	1	2	1	2	0	2	3	1	1	0	1	3	1	3	2	3	1	7	1	3	1	5	0	1	0	2	2	3	2	1	0	1	2	0	0	3	2	0	0	1	0	0	1	7	0	13	1	1	0	1	5	10	0	3	2	0	4	0	3	1	5	4	8	3	3	2	0	0	1	1	5	5	9	0	3	4	6
Spirochaetaceae	212	80	98	37	46	47	361	289	13	129	85	107	159	6	91	36	87	46	22	128	16	251	10	57	125	198	18	153	45	50	33	105	8	46	197	90	12	98	193	26	46	247	67	1	115	43	19	186	13	46	19	25	17	34	24	92	11	14	53	142	49	53	251	46	78	21	69	112	198	142	59	107	129	172	103	33	176	215	28	22	49	44	32	59	59	26	318	69	146
Spongiibacteraceae	1	0	2	0	0	0	0	0	0	0	0	0	0	0	0	0	0	0	0	0	0	0	0	0	0	0	0	0	0	0	0	0	0	0	0	0	0	0	0	0	0	0	0	0	0	0	0	0	0	0	0	0	0	0	0	0	0	0	0	0	0	0	0	0	0	0	0	0	0	0	0	0	0	0	0	0	0	0	0	0	0	0	0	0	0	0	0	0	0
Sporolactobacillaceae	0	1	0	0	0	1	12	0	1	0	0	0	3	1	0	2	0	0	1	0	0	0	0	0	0	0	0	0	0	0	0	0	0	1	0	0	0	14	0	0	0	0	0	0	1	0	0	0	0	21	0	0	0	0	0	0	0	0	0	11	0	0	0	5	0	0	0	0	0	0	0	0	0	0	0	0	0	0	0	0	0	0	1	0	0	0	0	0	0
Staphylococcaceae	2	1	3	6	1	0	5	197	0	37	1	8	13	1	6	2	10	3	12	6	5	7	0	7	0	6	1	15	2	1	1	1	5	2	0	3	2	2	0	3	1	10	3	164	3	5	8	7	1	19	10	0	5	1	1	1	0	5	38	1	2	2	3	20	1	11	2	7	1	3	2	5	4	19	6	5	0	11	0	9	4	11	19	2	1	1	0	2	9
Streptococcaceae	1170	1743	1368	1607	1841	1649	6063	44616	16802	1842	4911	988	3532	4453	2348	738	4096	697	2779	995	2086	584	11934	651	1395	1200	1696	898	1945	812	2284	1751	435	2099	1969	801	479	27174	657	447	3128	773	1482	282862	433	1409	2673	623	1575	6168	4618	723	875	3138	9885	4114	294	645	27299	1270	18442	3367	619	1432	4747	963	709	1419	371	1165	4607	1605	335	6615	637	1258	723	3558	9872	450	924	1472	1039	424	837	1896	2165	48	890
Streptomycetaceae	5	5	2	9	2	1	10	2	1	2	1	3	25	1	2	2	2	0	9	1	5	14	11	10	5	10	8	9	10	2	6	0	4	2	14	7	0	10	16	6	4	28	2	25	8	10	18	3	1	24	4	0	1	5	7	15	6	3	5	14	13	8	48	7	7	5	0	1	10	3	9	9	31	10	14	3	2	18	2	3	10	4	12	0	5	1	0	71	4
Streptosporangiaceae	0	2	1	1	0	0	1	4	0	0	0	1	0	0	1	3	0	0	1	7	3	2	0	0	0	0	0	0	1	2	1	0	0	1	0	0	0	1	0	0	0	14	5	0	0	5	0	1	0	1	0	0	0	0	1	4	0	4	0	2	1	5	1	5	0	0	2	0	0	0	0	0	2	4	0	0	0	0	0	0	2	0	1	0	3	0	1	13	2
Symbiobacteriaceae	8	0	13	4	7	13	28	4	3	6	4	26	21	4	2	3	2	0	4	0	1	35	0	8	2	6	1	1	2	5	10	1	3	0	8	2	0	2	9	2	1	82	1	0	6	0	17	1	0	18	3	2	5	0	15	6	2	12	0	13	3	2	27	6	3	1	0	0	3	9	14	4	48	4	10	6	11	5	1	0	7	23	9	1	8	7	3	39	10
Synergistaceae	0	0	1	0	0	0	18	0	1	1	2	4	1	0	1	0	0	0	2	0	0	1	0	0	0	5	0	7	0	0	0	0	4	0	0	0	0	10	1	0	0	2	0	1	0	4	0	3	0	0	1	0	1	0	0	0	0	0	0	0	1	0	1	2	0	0	0	0	1	0	2	1	7	0	1	1	1	1	0	0	3	0	6	0	0	1	2	1	2
Syntrophaceae	0	1	0	0	0	0	0	0	0	0	0	0	4	0	1	0	0	1	0	0	0	0	0	0	0	0	1	1	5	0	0	0	0	0	0	0	0	1	0	0	0	0	0	0	1	1	2	0	0	1	0	0	0	0	0	0	0	0	0	0	0	0	5	3	0	0	0	0	0	0	1	0	2	0	3	0	1	0	0	1	0	0	0	0	0	0	0	0	2
Syntrophobacteraceae	0	0	0	0	0	0	0	0	0	0	0	0	2	0	0	0	0	0	0	0	0	1	0	0	0	0	0	0	0	0	0	0	0	0	19	0	0	31	0	0	0	0	0	1	0	0	1	0	0	1	0	0	0	0	0	0	0	0	0	1	0	0	1	0	0	0	0	0	0	0	0	0	1	0	0	0	0	0	0	0	0	1	0	0	0	0	0	1	0
Syntrophomonadaceae	0	3	7	0	1	0	2	1	0	2	1	1	0	0	0	0	0	0	1	9	0	0	0	0	1	1	2	0	2	0	1	0	0	3	0	5	1	5	1	0	0	0	2	0	4	0	0	5	0	1	0	0	3	0	0	1	0	1	0	0	2	0	0	4	0	0	3	0	2	1	1	3	2	0	4	0	5	4	0	0	2	0	4	1	4	0	5	0	1
Thalassiosiraceae	0	0	0	0	0	0	0	3	0	0	0	12	0	0	0	0	0	0	1	0	0	0	0	0	0	0	0	0	0	0	0	0	0	0	0	0	0	0	0	0	0	0	0	7	0	0	0	0	0	0	0	0	0	0	0	0	0	0	0	6	0	0	0	0	1	0	0	0	0	0	0	0	0	0	0	0	0	0	0	0	0	0	0	0	0	0	0	0	0
Theileriidae	0	0	0	0	0	0	0	0	0	0	0	0	0	0	0	0	0	0	0	0	0	0	0	0	0	0	0	0	0	0	0	0	0	0	0	0	0	0	0	0	0	0	0	0	0	0	0	0	0	0	0	0	0	0	0	0	0	0	0	0	0	0	0	0	0	0	0	0	0	0	0	0	0	0	0	0	0	1	0	0	0	0	0	0	0	0	0	0	0
Thermaceae	0	1	2	5	1	8	8	0	1	0	1	5	1	3	2	1	6	2	0	1	4	2	0	0	4	4	2	9	2	0	4	2	4	1	4	1	0	0	1	0	2	4	6	1	3	1	1	4	4	4	2	1	3	0	2	0	1	0	7	4	2	1	11	2	1	1	2	0	2	2	1	2	8	3	3	0	3	11	1	0	4	9	0	4	6	2	2	7	0
Thermoanaerobacteraceae	7	4	9	4	8	8	10	5	3	0	2	8	11	5	0	9	6	6	4	1	0	6	3	21	15	26	0	14	3	4	6	7	0	0	4	8	0	5	6	5	4	29	1	0	9	18	20	66	9	6	0	1	2	6	12	12	13	9	2	7	16	1	5	9	1	7	0	4	9	14	0	3	11	14	48	7	13	1	0	12	1	2	8	23	1	3	3	10	11
Thermoanaerobacterales Family III. Incertae Sedis	10	8	17	6	7	9	36	0	2	2	3	11	5	8	5	15	12	12	7	6	0	0	2	1	0	7	0	20	0	2	12	0	7	4	3	7	0	7	9	6	14	0	31	2	17	2	2	2	2	24	2	5	4	2	1	2	2	0	6	13	17	3	1	10	4	9	3	4	4	7	5	0	10	6	30	1	1	8	1	0	3	3	23	4	3	4	9	8	37
Thermoanaerobacterales Family IV. Incertae Sedis	6	0	0	0	3	7	1	1	0	0	0	0	2	1	0	1	1	0	2	0	0	1	0	0	4	0	0	2	1	0	0	0	0	0	0	0	0	6	0	1	3	38	1	1	0	0	0	1	1	1	3	0	0	0	0	0	0	1	0	0	1	1	0	15	0	0	2	0	3	0	0	0	12	0	9	0	0	1	0	2	0	0	1	2	0	0	0	5	4
Thermococcaceae	0	0	0	0	0	0	0	0	0	0	0	0	0	0	0	0	0	0	0	0	0	0	0	0	0	0	0	0	0	0	0	0	0	0	0	0	0	0	0	0	0	0	0	0	0	0	0	0	0	0	0	0	0	0	0	0	0	0	1	0	0	0	0	0	0	0	0	0	0	0	0	0	1	0	0	0	0	0	0	0	0	0	0	0	0	0	0	0	0
Thermodesulfobacteriaceae	0	0	0	0	0	0	0	0	0	0	0	0	0	0	0	0	0	1	0	0	0	0	0	0	0	0	0	0	0	0	0	0	0	0	0	0	0	0	0	0	0	0	0	0	0	0	0	0	0	0	0	0	0	0	0	0	0	0	0	0	0	0	0	0	0	0	0	0	0	0	0	1	0	0	0	0	0	0	0	0	0	0	0	0	0	0	0	0	0
Thermodesulfobiaceae	0	0	0	0	0	0	0	0	0	0	0	0	0	0	0	0	0	0	0	0	1	0	0	1	0	0	0	0	0	0	0	0	0	0	0	0	0	0	0	0	0	0	0	0	0	0	0	0	0	0	0	0	0	0	0	0	0	0	0	0	0	0	0	1	0	0	0	0	2	0	0	0	1	0	0	0	0	0	0	0	2	0	0	0	0	0	0	0	0
Thermomonosporaceae	0	0	6	1	4	1	0	4	0	0	0	0	1	5	0	1	0	0	1	0	2	0	3	0	3	9	0	0	0	0	1	1	3	1	2	0	0	1	1	0	1	17	6	0	0	0	5	0	0	1	4	0	1	0	1	3	3	0	0	1	0	0	13	1	4	0	0	0	2	0	0	5	2	4	1	0	6	0	0	0	0	5	2	0	0	2	3	15	7
Thermotogaceae	0	0	0	0	0	0	0	0	0	0	0	0	0	0	0	0	0	0	0	0	0	0	0	0	0	0	0	0	0	0	0	0	1	0	0	0	0	0	0	0	0	0	0	0	0	0	0	0	0	0	0	0	0	0	0	1	0	0	0	0	0	0	0	0	0	0	0	0	0	0	0	0	0	0	0	0	0	0	0	0	0	0	0	0	0	0	0	0	0
Thiotrichaceae	0	0	0	1	0	0	0	0	0	0	0	0	0	0	0	0	0	0	0	0	0	0	0	0	0	0	0	0	0	0	0	0	0	0	0	0	0	0	0	0	0	0	0	1	0	0	0	0	0	0	0	0	0	0	0	0	0	0	0	0	0	0	0	0	0	0	0	0	0	0	0	0	0	0	0	0	0	0	0	0	0	0	1	0	0	0	0	0	0
Tremellaceae	0	0	0	0	0	0	0	0	0	0	0	0	0	0	0	0	0	0	0	0	0	0	0	0	0	0	0	0	0	0	0	0	0	0	0	0	0	0	0	0	0	0	0	3	0	0	0	0	0	0	0	0	7	0	0	0	0	0	0	0	0	0	0	0	0	0	0	0	0	0	0	0	0	0	0	0	0	0	0	0	0	0	0	0	0	0	0	0	0
Trichocomaceae	0	0	0	0	0	0	0	0	0	0	0	0	0	0	0	0	0	0	0	0	0	0	0	0	0	0	0	0	0	1	0	0	0	0	0	0	0	0	0	0	0	0	0	0	0	0	0	0	0	0	0	0	0	0	0	0	0	0	0	0	0	0	0	0	1	0	0	0	0	0	0	0	0	0	0	0	0	0	0	0	0	0	0	0	0	0	0	0	0
Tricholomataceae	0	0	0	0	0	0	0	0	0	0	0	0	0	0	0	0	0	0	0	0	0	0	0	0	0	0	0	0	0	0	0	0	0	0	0	0	0	0	0	0	0	0	0	2	0	0	0	0	0	0	0	0	0	0	0	0	0	0	0	0	0	0	0	0	0	0	0	0	0	0	0	0	0	0	0	0	0	0	0	0	0	0	0	0	0	0	0	0	0
Trueperaceae	0	0	0	0	0	0	0	0	0	0	0	0	0	0	0	0	0	0	0	0	0	2	1	0	0	1	0	0	0	0	0	0	0	0	0	0	0	0	0	0	0	1	0	0	0	0	0	0	0	0	0	0	0	0	0	0	0	0	0	0	0	0	0	0	0	0	0	0	0	0	0	0	1	0	0	0	0	0	1	0	0	0	0	0	0	0	0	0	0
Tsukamurellaceae	0	0	0	0	0	0	0	0	1	0	0	0	0	0	0	1	0	0	0	0	0	0	0	0	0	0	0	0	0	0	0	0	0	2	0	0	0	0	0	0	0	1	0	0	0	0	4	0	0	0	0	0	0	0	0	1	0	0	0	0	0	0	0	0	0	0	0	0	0	0	0	0	0	0	1	0	0	0	0	0	0	0	3	0	0	0	0	0	0
Unclassified	4345	4443	4784	4049	4471	6470	7218	4118	7902	5913	3775	8452	7187	5611	3343	6312	3072	2899	4991	3938	3142	4485	2076	3761	4132	8023	7389	5712	5120	4405	8341	6778	2922	3907	5772	7542	2263	10064	4743	7265	2984	9570	6277	1428	3898	3405	6862	7609	1710	3904	3122	6821	2194	6421	3777	6554	3974	1833	2758	3998	2338	21774	8382	3312	4304	4047	3116	7166	5507	4135	10788	7390	7157	6701	7688	5517	12529	7890	2367	2763	5524	4035	4939	5833	4798	4587	6285	6588	5754
Unikaryonidae	0	0	0	0	0	0	0	0	0	0	0	0	0	0	0	3	0	0	0	0	0	0	0	0	0	0	0	0	0	0	0	0	0	0	0	0	0	0	0	0	0	0	0	0	0	0	0	0	0	0	0	0	0	0	0	0	0	0	0	0	0	0	0	0	0	0	0	0	0	0	0	0	0	0	0	0	0	0	0	0	0	0	0	0	0	0	0	0	0
Ustilaginaceae	1	0	0	0	3	1	0	0	0	0	0	0	0	0	0	0	0	0	1	0	0	0	0	0	0	0	0	0	0	0	0	0	0	0	0	0	0	0	0	1	0	0	1	0	0	1	1	0	0	1	0	0	0	0	0	0	0	1	0	0	1	0	0	0	0	1	0	0	0	0	0	4	0	1	0	0	0	0	0	0	0	0	0	0	1	0	0	1	1
Vaucheriaceae	0	0	0	0	0	0	0	0	0	0	0	0	0	0	0	0	0	0	0	0	0	0	0	0	0	0	3	0	0	0	0	0	0	0	0	0	0	0	0	0	0	0	0	0	0	0	0	0	0	0	0	0	0	0	0	0	0	0	0	0	0	0	0	0	0	0	0	0	0	0	0	0	0	0	0	0	0	0	0	0	0	0	7	0	0	0	0	0	0
Veillonellaceae	367	66	72	38	827	22	57	555	232	433	614	12	192	189	64	77	35	729	1259	166	322	77	1291	167	621	60	226	100	58	68	1330	55	40	178	432	70	125	405	231	19	527	186	52	5667	21	88	1259	34	92	1093	1497	34	42	137	148	629	1589	305	3643	1027	4338	239	96	90	30	805	17	34	14	492	1277	140	66	1612	162	149	48	34	1487	80	157	110	524	10	642	115	28	120	769
Verrucomicrobia subdivision 3	0	0	0	1	0	0	0	0	0	0	0	0	0	0	0	0	0	0	1	0	0	0	0	1	0	0	0	0	0	0	0	0	0	0	0	0	0	0	0	0	0	0	0	0	1	0	0	0	0	0	0	0	0	0	0	0	0	0	0	0	0	0	0	0	0	0	0	0	1	0	0	0	0	0	0	0	0	0	0	0	0	0	0	0	0	0	0	0	0
Verrucomicrobiaceae	0	0	0	0	0	0	0	0	1	0	0	0	0	0	0	1	1	0	0	0	0	0	0	0	0	0	0	1	0	0	0	0	1	0	0	0	0	0	0	0	0	0	0	0	1	0	0	0	0	0	0	0	0	1	0	0	1	0	0	0	0	2	2	0	0	0	0	0	0	0	0	0	0	0	0	0	0	0	0	0	0	1	0	0	0	0	0	0	0
Vibrionaceae	0	1	0	0	0	0	0	1	0	0	0	1	0	0	0	0	1	0	2	4	0	2	0	0	0	1	0	0	0	0	1	0	0	0	0	2	0	2	1	8	0	0	0	1	2	1	0	0	20	2	0	0	0	1	2	29	2	1	0	0	2	0	0	2	0	2	0	1	1	1	1	1	0	1	0	3	3	1	1	0	0	1	1	4	1	2	1	2	1
Waddliaceae	0	0	0	0	0	0	0	0	0	0	0	0	0	0	0	0	0	0	0	0	0	0	0	0	0	0	0	0	0	0	0	0	0	0	0	0	0	0	0	0	0	0	2	0	0	0	0	0	0	0	0	0	0	0	0	0	0	0	0	0	0	0	0	0	0	0	0	0	0	0	0	0	0	0	0	0	0	0	0	0	0	0	0	0	0	0	0	0	0
Xanthobacteraceae	0	6	5	6	1	3	0	0	0	0	3	4	1	1	0	9	0	0	7	0	0	5	0	0	2	0	1	6	0	1	0	4	0	0	0	1	0	9	0	0	0	2	0	1	2	3	5	2	0	1	0	0	1	0	0	1	0	4	0	1	1	0	27	2	1	1	0	2	1	2	0	5	1	7	2	0	1	4	0	0	3	6	1	0	1	0	0	20	8
Xanthomonadaceae	5	0	1	6	2	2	0	5	0	2	3	4	11	1	1	4	4	2	21	3	5	16	0	5	5	1	4	10	0	5	7	5	4	2	4	1	0	16	4	2	4	28	11	18	5	7	4	2	2	15	3	1	7	0	1	10	11	0	2	10	6	6	29	4	5	2	0	5	1	0	2	3	15	8	13	0	6	6	1	0	3	2	13	10	4	11	0	19	12
