class	MMRS11288076ST	MMRS11664448ST	MMRS11932626ST	MMRS12272136ST	MMRS14379078ST	MMRS14602194ST	MMRS15137911ST	MMRS16644320ST	MMRS17603756ST	MMRS17963147ST	MMRS18295921ST	MMRS20257302ST	MMRS21365932ST	MMRS24340226ST	MMRS25211151ST	MMRS25641480ST	MMRS29805707ST	MMRS31306426ST	MMRS32573774ST	MMRS33294861ST	MMRS34525504ST	MMRS34569532ST	MMRS35808664ST	MMRS36405092ST	MMRS38861560ST	MMRS38954404ST	MMRS39415781ST	MMRS39582183ST	MMRS40913371ST	MMRS41266697ST	MMRS41711735ST	MMRS42570301ST	MMRS42780924ST	MMRS43563715ST	MMRS43939546ST	MMRS44197125ST	MMRS44203591ST	MMRS44587603ST	MMRS47662059ST	MMRS47685461ST	MMRS48639115ST	MMRS51307502ST	MMRS51410669ST	MMRS51728985ST	MMRS51737257ST	MMRS54246132ST	MMRS54316675ST	MMRS55294627ST	MMRS56137463ST	MMRS57276462ST	MMRS57569834ST	MMRS59699117ST	MMRS61683006ST	MMRS62192467ST	MMRS62376181ST	MMRS62666492ST	MMRS64281211ST	MMRS64281551ST	MMRS65205033ST	MMRS65742083ST	MMRS65862658ST	MMRS65945127ST	MMRS66868025ST	MMRS67096717ST	MMRS67690541ST	MMRS68630931ST	MMRS68910755ST	MMRS71238091ST	MMRS71762412ST	MMRS72802364ST	MMRS72980899ST	MMRS73787048ST	MMRS77018926ST	MMRS77321055ST	MMRS77487595ST	MMRS78791111ST	MMRS79893829ST	MMRS80093644ST	MMRS81130264ST	MMRS81135225ST	MMRS81671217ST	MMRS84085284ST	MMRS84159866ST	MMRS84954772ST	MMRS85382779ST	MMRS85438660ST	MMRS85548821ST	MMRS86168210ST	MMRS95277876ST
Acidimicrobiia	0	0	0	0	0	0	1	0	0	0	0	0	0	0	1	0	0	0	0	0	0	0	0	0	0	0	0	0	0	0	0	0	0	0	0	0	0	0	0	0	0	1	0	0	0	0	0	0	0	0	0	0	0	0	0	1	0	0	0	0	0	0	0	0	0	0	1	1	0	0	0	0	0	0	0	0	1	0	0	0	1	0	0	0	0	0	0	0	0
Acidobacteriia	2	0	4	0	0	3	0	0	0	2	1	2	1	0	0	1	3	1	1	1	2	5	2	1	0	2	0	1	0	1	1	1	1	3	1	8	1	7	1	3	1	8	1	0	1	2	1	3	1	3	0	0	0	3	4	0	1	0	2	0	1	1	1	1	0	1	0	3	1	0	0	3	2	4	2	0	1	2	0	2	6	0	4	0	3	0	1	10	0
Aconoidasida	0	0	0	0	0	0	0	0	0	0	0	0	0	0	0	4	0	0	0	0	0	0	0	0	0	0	0	0	0	0	0	0	0	0	0	0	0	0	0	0	0	0	0	1	0	0	0	0	0	0	0	0	0	0	0	0	0	0	0	0	0	0	0	0	0	0	0	0	0	0	0	0	0	0	0	0	0	1	0	0	0	0	0	0	0	0	0	0	0
Actinobacteria	289	145	3598	850	4312	212	672	12903	303	175	2471	326	649	151	473	6690	1223	319	433	3567	1540	1228	371	26018	7440	1574	230	2097	9217	139	3153	431	266	4151	214	13347	954	952	287	1666	5352	1168	4112	3736	236	535	5780	23902	1706	248	1623	212	115	334	2294	971	128	215	4718	272	386	147	858	107678	193	2997	172	579	282	181	6376	6869	423	7204	633	1439	321	568	5961	520	263	7030	829	139	830	335	820	467	6745
Agaricomycetes	0	0	0	0	0	0	0	0	0	0	0	0	0	0	0	0	0	0	0	0	0	0	0	0	0	0	0	0	0	0	0	0	0	0	0	0	0	0	0	0	0	0	0	2	0	0	0	0	0	1	0	0	0	0	0	0	0	0	0	0	0	0	0	0	1	0	0	0	0	0	0	0	0	0	0	0	0	0	0	0	0	0	0	0	0	0	0	0	0
Alphaproteobacteria	48	38	70	81	37	38	41	30	30	31	30	90	162	7	5	80	30	37	74	28	27	69	29	28	25	37	45	57	23	61	22	138	22	57	46	24	2	97	59	27	27	242	73	44	55	59	61	22	13	82	11	19	35	5	46	97	12	39	17	41	30	27	188	46	46	23	19	52	23	20	20	37	112	41	116	42	50	82	10	38	47	60	101	88	49	5	25	161	44
Anaerolineae	0	0	0	0	0	0	0	0	0	0	0	0	0	0	0	0	0	0	0	1	0	0	0	0	0	0	0	1	0	0	0	0	0	0	0	0	0	0	0	0	0	1	0	0	0	0	0	0	0	0	0	0	0	0	0	0	0	0	0	0	0	0	0	0	0	0	0	0	0	0	1	0	0	0	0	0	0	0	0	0	0	0	0	0	0	1	0	0	0
Aquificae	1	0	1	0	0	0	0	1	0	0	0	0	1	0	1	0	0	0	1	0	0	2	1	1	0	0	1	1	0	0	0	0	1	5	0	0	0	0	0	0	0	0	0	0	0	1	0	0	0	0	0	0	0	0	0	0	2	2	0	0	0	0	0	0	1	1	0	0	0	0	0	0	0	0	0	0	0	0	0	0	0	0	1	0	0	0	0	1	1
Bacillariophyceae	0	0	4	0	0	0	0	0	0	0	0	6	0	0	0	0	0	0	1	0	0	0	2	0	0	0	0	0	0	0	0	0	0	0	0	0	0	0	0	0	0	0	0	5	0	0	0	0	0	0	0	0	0	0	0	0	0	0	0	0	0	0	0	0	0	0	0	0	0	0	0	6	0	0	0	0	0	0	0	0	0	0	9	0	0	0	0	1	0
Bacilli	1428	1943	1618	1899	2118	1926	6757	52131	17209	2925	5130	1227	3909	4838	2525	1083	4426	817	3281	1446	2440	809	12536	1311	1714	1727	2075	1275	2189	1040	2635	1984	690	2594	2140	1578	603	37890	880	698	3516	1582	1799	287176	733	1697	3375	1037	1832	6658	5033	882	1192	3946	10250	4545	901	1058	27964	1602	18787	4034	1061	1759	5141	1277	1223	1781	549	1500	5123	2085	591	6974	1150	1619	925	4187	10219	579	1509	3302	1544	589	1539	2011	2440	197	2061
Bacteroidia	225714	178502	203977	261717	321135	195726	188680	192232	377924	213482	127532	141530	134865	301260	300072	144073	256457	309081	164907	204504	112686	92329	123121	179065	228974	172923	251754	78040	374643	425888	321417	262161	273068	180454	228707	324536	607085	105242	200319	510562	253033	51406	97193	4134	132683	76116	117534	322414	420631	68778	419024	541255	411561	359856	296171	114180	462761	189244	105592	72346	110730	13823	65410	177668	134131	294762	450040	266929	202224	256506	264534	197102	58559	173934	110756	118195	190112	218378	425741	261797	57105	285571	73088	272285	188621	382773	300577	28549	78497
Bangiophyceae	0	2	0	0	0	0	0	0	0	1	3	0	1	5	5	3	0	1	0	11	0	22	0	0	0	1	0	25	1	3	0	4	1	1	0	11	0	0	6	0	0	2	0	6	14	0	7	0	0	0	0	0	0	0	1	0	15	2	0	1	1	0	0	0	0	0	4	0	0	0	0	0	15	0	8	0	1	0	0	0	4	0	0	0	0	2	0	16	15
Betaproteobacteria	70	238	104	276	145	52	74	124	496	130	532	344	93	50	20	88	49	148	100	110	345	453	267	88	102	51	24	216	149	88	197	224	189	209	45	61	15	248	87	34	82	325	294	4869	181	263	111	184	89	342	132	49	69	192	361	69	199	97	252	167	226	31	135	90	148	124	62	191	186	96	109	50	274	122	268	273	246	94	193	212	94	291	172	193	314	26	77	373	360
Blastocatellia	0	2	3	0	0	1	0	0	0	1	0	0	1	0	0	2	0	0	0	0	0	1	0	0	0	0	0	0	1	0	0	0	0	0	0	0	0	0	1	0	0	0	0	0	0	1	0	0	0	0	0	0	1	0	0	0	0	0	0	0	0	0	0	0	2	0	0	0	1	0	1	0	0	0	0	2	0	0	0	0	1	0	0	0	1	1	0	0	0
Blastocladiomycetes	1	9	1	6	0	2	3	5	7	4	22	7	3	2	4	0	1	8	4	1	15	11	7	3	2	2	3	4	2	5	0	13	8	6	2	4	1	14	3	0	4	8	10	0	13	12	17	3	3	6	8	1	4	0	8	6	1	15	32	13	8	2	11	3	7	7	1	8	0	4	3	4	16	2	1	5	20	5	1	11	7	6	6	3	6	3	3	13	11
Caldilineae	0	0	0	0	0	0	0	0	0	0	0	0	0	0	0	0	0	0	0	0	0	1	0	0	0	0	0	1	0	0	0	0	0	0	0	0	0	0	0	0	0	0	0	0	0	0	0	0	0	0	1	0	0	0	0	0	0	0	0	2	0	0	3	0	0	0	0	0	0	0	0	1	0	0	1	0	0	0	0	0	0	1	0	0	0	0	0	0	0
Chlamydiia	0	0	0	0	0	0	0	0	0	0	0	0	0	0	1	0	0	0	0	0	0	0	0	0	0	0	0	0	0	0	0	0	0	0	0	0	0	0	0	0	0	0	2	0	0	0	0	0	0	0	0	0	0	0	0	0	0	0	0	0	0	0	0	0	0	0	0	0	0	0	0	0	0	0	1	0	0	0	0	0	0	0	0	1	0	0	0	0	0
Chlorobia	2	0	1	1	2	1	3	0	0	3	0	3	3	1	2	3	2	1	1	1	5	4	3	0	0	4	3	2	1	4	0	1	2	0	0	1	0	4	1	0	0	3	1	0	2	1	2	3	0	3	1	1	0	2	0	1	2	0	5	0	1	4	6	3	0	0	0	1	1	2	0	0	11	0	3	3	1	5	0	1	3	0	7	0	1	2	2	6	4
Chloroflexia	1	0	0	0	0	1	0	0	2	0	0	0	1	0	0	0	0	0	0	1	0	1	1	0	0	0	0	10	0	4	2	0	0	0	0	0	0	0	0	0	0	1	0	0	0	1	0	0	0	0	0	0	0	0	0	0	0	0	0	0	0	0	0	0	0	1	0	0	0	0	0	0	0	0	0	0	0	0	0	0	1	0	0	0	0	0	0	2	0
Chlorophyceae	0	0	0	0	0	0	0	0	0	0	0	0	0	0	0	0	0	0	1	1	0	1	0	0	0	0	0	0	0	0	0	0	1	0	0	0	0	0	0	0	0	0	0	1	1	0	1	0	0	0	0	1	0	0	0	0	0	0	0	0	0	0	0	0	0	0	0	0	1	0	0	0	0	0	0	0	0	1	0	0	0	0	0	0	0	0	0	0	0
Chrysiogenetes	1	0	0	0	0	0	0	0	0	0	2	0	1	0	0	0	0	0	1	0	0	0	0	0	0	0	0	3	0	1	0	6	0	0	0	0	0	0	1	0	0	0	1	0	0	0	0	0	0	0	0	0	0	0	0	1	0	0	0	0	0	0	3	1	0	0	0	0	0	0	0	0	0	4	0	1	0	1	0	0	0	0	2	0	0	0	0	0	2
Chrysophyceae	0	0	0	0	0	0	0	0	0	0	0	0	0	0	0	1	0	0	0	0	0	0	0	0	0	0	0	1	0	0	0	0	0	0	0	0	0	0	0	0	0	0	0	0	0	0	1	0	0	0	0	0	0	0	0	0	0	0	0	0	0	0	0	0	0	0	0	0	0	0	0	0	1	0	0	0	0	0	0	0	0	1	0	0	0	0	0	0	0
Clostridia	133622	100092	106618	131297	195262	141050	67049	128753	62095	88160	80226	72849	91597	75929	101075	115338	165901	37685	77930	148739	52325	63434	54257	120625	95646	86125	135164	72772	131077	59451	103902	74654	59416	94997	208187	50789	24375	74570	81687	47395	236015	64026	101767	11998	102965	72319	77244	61415	118611	104938	50709	103797	79084	74835	140179	90572	25519	73531	57700	85201	154989	154626	77370	81357	125756	95586	53298	75911	58397	94789	65987	132779	75354	160448	99167	143464	71091	69132	107132	74011	153722	55336	73658	91052	129418	77573	86768	34040	69286
Coccidia	0	0	0	0	0	0	0	0	0	0	0	0	0	0	0	1	0	0	0	0	0	0	0	0	0	3	0	0	0	0	0	0	0	0	0	0	0	0	0	0	0	0	0	0	0	0	0	0	0	0	0	0	0	0	0	0	1	0	0	1	0	0	0	0	0	0	0	0	0	0	0	0	0	1	0	0	0	0	0	0	0	0	0	0	0	0	0	0	0
Coriobacteriia	2018	1044	2527	1632	434	1216	1863	7164	3093	1276	2771	1960	904	316	121	4327	397	954	2233	661	1814	2506	123	2287	2455	212	2854	1255	1454	791	1928	3881	1740	3883	9583	2955	742	3735	974	701	681	1381	3557	962	842	5885	3587	368	4710	2551	6505	608	3605	2675	2901	1449	575	3334	3159	266	754	2752	7655	10584	2451	3899	756	4073	226	1813	8708	994	9559	2682	2271	5798	258	11233	752	958	2780	9855	1485	1019	2470	867	5181	4394	2496
Coscinodiscophyceae	0	0	0	0	0	0	0	3	0	0	0	12	0	0	0	0	0	0	1	0	0	0	0	0	0	0	0	0	0	0	0	0	0	0	0	0	0	0	0	0	0	0	0	7	0	0	0	0	0	0	0	0	0	0	0	0	0	0	0	6	0	0	0	0	1	0	0	0	0	0	0	0	0	0	0	0	0	0	0	0	0	0	0	0	0	0	0	0	0
Cryptophyta	5	1	2	0	2	0	0	1	0	0	0	0	0	1	1	0	0	6	0	15	0	0	1	2	0	1	8	1	7	0	0	1	0	2	0	0	0	0	0	2	1	2	2	0	0	1	1	3	0	0	0	0	1	0	1	1	0	1	1	0	0	2	3	0	7	1	0	1	0	7	0	0	0	3	0	0	13	0	0	1	0	6	0	0	9	0	0	0	3
Cytophagia	2	3	9	3	1	7	2	1	5	6	4	2	4	3	4	2	3	7	1	2	3	30	4	0	6	0	5	4	1	1	1	16	3	2	0	1	0	10	7	7	1	3	2	0	1	3	1	0	8	5	1	1	2	1	6	1	4	0	2	0	1	0	1	1	4	0	1	2	15	8	1	0	2	3	5	1	4	13	2	1	0	7	2	2	3	12	2	20	4
Deferribacteres	0	0	0	0	0	1	0	0	1	0	0	1	0	0	0	0	0	0	0	0	0	0	0	0	0	0	1	0	0	0	0	0	0	0	0	0	0	0	0	0	0	0	0	0	0	0	0	0	0	0	1	1	0	0	0	0	0	0	0	0	1	1	0	0	0	1	0	0	0	1	0	0	0	0	0	0	0	0	1	0	0	0	0	0	0	0	0	0	0
Dehalococcoidia	1	15	3	0	0	19	22	2	1	4	3	10	1	7	25	5	1	19	0	15	0	3	15	3	2	10	0	5	2	5	0	3	2	1	70	20	0	7	1	5	4	5	4	1	4	0	9	0	15	5	0	1	4	0	0	11	0	4	3	0	4	34	0	53	21	0	1	8	2	2	0	2	3	11	6	0	1	1	0	4	3	5	3	0	1	1	25	2	3
Deinococci	0	2	5	8	2	10	10	0	1	1	1	7	5	4	4	4	7	3	4	3	5	6	3	0	6	6	3	10	3	1	5	4	4	2	6	1	0	3	2	0	5	20	6	1	4	1	3	5	4	4	2	1	4	0	3	7	1	1	8	5	2	1	26	10	4	1	2	2	2	4	1	4	12	4	9	1	4	17	2	0	9	9	7	5	8	3	2	14	2
Deltaproteobacteria	224	109	124	169	87	47	191	65	28	47	152	510	144	62	22	86	113	307	254	53	323	83	28	45	125	433	194	169	58	52	95	82	168	70	103	149	48	540	157	124	75	426	276	41	47	96	117	345	119	217	5	61	13	14	178	82	252	54	303	53	221	26	254	135	61	50	81	75	70	39	116	68	582	88	226	81	62	263	5	40	138	20	408	265	118	170	75	697	79
Dictyoglomia	2	0	0	0	0	0	0	0	0	0	0	0	0	0	2	0	1	0	0	0	0	1	0	0	0	0	0	0	0	0	0	0	0	0	0	0	0	0	0	0	0	0	0	0	0	0	0	0	1	0	2	0	0	0	0	0	1	0	0	0	0	0	0	0	0	0	0	0	0	0	0	0	0	0	0	0	0	0	0	0	0	0	0	0	0	1	0	0	1
Dothideomycetes	0	0	0	0	0	0	0	0	0	0	0	0	0	0	0	0	0	0	0	0	0	0	0	0	0	0	0	0	0	0	0	0	0	0	0	0	0	0	0	0	0	0	0	0	0	0	0	0	0	0	0	0	0	0	0	1	0	0	0	0	0	0	0	0	0	0	0	0	0	0	0	0	0	0	0	0	0	0	0	0	0	1	0	0	0	0	0	0	0
Elusimicrobia	1	0	1	0	1	0	0	0	0	0	0	0	0	0	0	0	0	0	0	0	0	0	0	1	0	0	0	0	0	0	0	0	0	0	0	0	0	0	1	0	0	0	0	0	0	0	0	0	0	0	0	0	0	0	0	0	0	0	0	0	0	0	0	0	0	0	0	0	0	0	0	0	0	0	0	0	0	0	0	0	0	0	0	0	0	0	0	0	0
Epsilonproteobacteria	85	71	66	124	68	40	36	45	56	73	37	41	46	137	52	49	56	249	48	174	19	68	35	258	61	179	82	65	60	309	44	64	22	48	77	52	20	68	63	74	134	240	64	161	122	33	148	149	24	87	18	123	21	597	61	63	54	31	584	81	120	1217	56	30	56	36	33	96	26	88	35	69	56	284	60	44	182	14	34	66	48	20	48	38	53	18	194	19	56
Erysipelotrichia	455	161	401	217	447	429	1048	120	507	1699	201	13453	491	3436	749	373	241	269	674	199	584	193	100	756	201	148	1288	174	2240	537	217	518	509	409	2601	758	518	726	109	2122	633	112	233	355	1455	395	700	240	613	4257	509	3322	357	12023	798	441	1226	16116	2663	160	263	5177	192	560	291	597	7736	489	199	1902	10530	479	228	770	5751	597	99	2130	280	4889	784	393	263	233	1323	32647	756	168	521
Eurotiomycetes	40	47	15	24	16	9	15	43	37	22	40	45	35	8	10	18	28	25	18	22	13	16	41	21	22	21	22	53	35	80	49	35	37	19	32	5	17	61	8	0	9	84	43	221	19	38	35	24	4	25	33	5	25	26	46	20	24	35	37	179	31	17	30	24	39	12	15	35	26	14	22	17	47	43	42	20	57	12	30	13	46	18	34	30	40	2	10	73	47
Flavobacteriia	4	3	41	3	2	49	2	167	2	165	5	6	29	66	12	4	55	18	1	6	10	39	12	1	3	45	5	7	3	3	7	21	0	10	5	5	0	11	3	223	3	1	4	10	4	16	10	5	4	9	6	7	9	1	10	3	3	16	8	15	10	2	7	8	8	8	14	9	32	4	3	1	22	3	12	12	79	6	1	19	9	12	34	9	14	4	4	23	19
Florideophyceae	0	0	0	5	0	0	7	0	4	0	0	0	1	0	0	0	0	4	0	0	0	0	0	16	0	6	0	11	0	0	0	0	1	0	4	1	0	0	0	4	0	3	7	0	0	0	14	7	0	0	0	0	10	1	0	3	0	0	0	0	0	0	2	8	0	0	0	0	0	0	0	0	0	8	0	0	0	0	0	3	0	0	1	0	0	0	0	0	0
Fusobacteriia	27	2	4	1	58	102	795	0	670	38	58	20	4	6	23	7	0	2592	25	2	2	27	30	1	0	38	8	26	0	1	0	4	2723	3	541	424	6	0	4	0	31	0	8	596	16	6	135	44	330	20	2	3	4	159	8	42	9	4	1388	8	286	385	0	24	0	6	124	1	38	454	149	22	2	61	83	1	1	3	5	42	61	2	16	1	24	1	1	1	9
Gammaproteobacteria	871	417	2046	158	1310	30979	22128	9956	37	4431	535	5012	262	341	10037	192	317	1120	2202	2788	1919	243	184016	438	2131	1011	29	138	107	104733	242003	134	22	665	29225	149	4567	8242	115483	6792	872	220	525	527885	4309	10766	27541	1715	10575	828	349	33	69	2347	502	4683	99873	15725	2460	126351	2147	34653	772	5189	433	358	153	91	4564	2304	4336	6039	58	1654	39240	113	304	26135	656	38	4135	354	869	295	42906	20	112	32856	3351
Gemmatimonadetes	0	0	0	0	0	2	0	0	0	0	0	0	3	0	0	0	0	0	2	0	0	2	0	0	0	1	0	1	1	0	0	1	0	0	1	0	0	1	0	1	0	2	0	0	0	0	0	0	0	0	0	0	0	0	0	0	0	0	1	1	0	0	0	0	0	0	0	1	1	1	0	0	0	0	0	1	0	0	0	0	0	1	0	0	0	0	0	0	0
Glaucocystophyceae	0	0	0	0	0	0	0	0	0	0	0	10	0	0	0	0	0	0	0	9	0	1	0	0	0	0	0	0	0	0	0	0	0	10	0	0	0	0	0	0	0	0	0	0	0	0	0	0	0	0	0	0	0	0	0	0	0	0	6	0	0	0	0	11	0	0	0	0	6	0	0	0	0	0	0	3	0	10	0	0	0	0	0	0	0	0	2	6	0
Gloeobacteria	0	0	2	0	0	0	0	3	0	0	0	1	0	0	0	0	0	0	0	0	0	0	0	0	0	0	0	1	1	0	0	0	0	0	0	0	0	4	0	0	0	4	0	1	1	0	0	1	0	1	0	0	0	0	1	1	3	0	0	0	0	0	2	0	1	1	0	0	0	4	0	0	1	1	0	1	0	1	0	0	0	1	5	2	1	0	0	0	0
Halobacteria	0	0	0	0	6	0	0	3	0	0	0	1	1	0	1	0	0	0	0	0	0	0	0	2	0	0	0	0	0	0	0	0	0	0	0	0	0	0	0	0	0	3	0	0	0	0	0	1	0	0	0	0	0	0	0	0	0	0	0	0	0	1	0	2	0	0	0	0	0	1	0	0	0	0	0	0	0	0	0	0	0	0	0	0	0	0	0	1	1
Ichthyosporea	0	0	0	0	2	0	0	0	0	0	0	0	0	0	0	1	0	0	1	0	0	0	0	0	1	0	0	0	0	0	0	0	0	5	0	0	0	0	0	3	0	0	12	2	0	0	0	0	0	7	0	0	0	1	0	0	0	0	0	0	0	8	1	0	0	0	0	0	0	0	0	0	1	1	0	0	2	0	0	0	1	0	0	0	0	0	0	0	0
Ignavibacteria	0	0	0	0	0	0	0	0	0	0	0	0	0	0	0	0	0	0	0	0	0	0	0	0	0	0	0	0	0	0	0	0	0	0	0	0	0	0	0	0	0	0	0	0	0	0	0	0	0	0	0	0	0	1	0	0	0	0	0	1	0	0	1	0	0	0	0	0	0	0	0	2	0	0	0	0	0	0	0	0	1	0	0	0	0	0	1	0	0
Lentisphaeria	0	0	0	0	0	0	0	0	0	0	0	0	0	0	0	2	3	0	0	0	0	0	0	0	0	0	0	0	0	0	0	0	0	0	0	0	0	0	0	0	0	0	0	0	1	0	0	0	0	0	0	0	0	0	0	0	0	0	0	0	0	0	0	0	0	0	0	0	0	0	0	0	0	0	0	0	0	0	0	0	0	0	0	0	0	0	0	0	0
Leotiomycetes	0	0	0	0	0	0	0	0	0	0	0	0	0	0	0	0	0	0	0	0	0	0	0	0	0	0	0	0	0	0	0	0	0	0	0	0	0	0	0	0	0	0	0	0	0	0	0	0	0	0	0	0	0	0	0	0	0	0	0	0	1	0	0	0	1	0	0	0	0	1	0	0	0	0	0	0	0	0	0	0	0	0	1	0	0	0	0	0	0
Malasseziomycetes	0	0	0	0	0	0	0	14	0	0	0	0	0	0	0	0	0	0	0	0	0	1	0	0	0	0	0	0	0	0	0	0	0	0	0	0	0	0	0	0	0	0	0	91	0	0	0	1	1	0	0	0	0	0	0	0	0	0	1	0	0	0	0	0	0	0	0	0	0	0	0	0	0	1	1	0	0	2	0	0	0	0	0	0	1	0	0	0	0
Mamiellophyceae	0	0	11	1	0	0	0	0	0	0	1	0	0	0	0	0	1	0	8	0	0	0	1	0	0	0	0	1	0	0	0	0	0	0	3	2	0	0	0	0	0	12	1	0	0	1	0	0	0	11	0	0	0	0	0	0	3	0	5	0	0	0	5	0	5	0	2	1	1	1	0	1	1	0	1	1	0	6	0	0	0	1	13	1	0	0	1	7	30
Mediophyceae	0	0	0	0	0	0	0	0	0	0	0	0	0	0	0	0	0	0	0	0	0	0	0	6	0	0	0	1	0	0	0	0	0	0	0	0	0	0	0	0	0	0	0	0	0	0	0	0	0	0	0	0	0	0	0	0	0	0	0	0	0	0	0	0	0	0	0	0	0	0	0	0	0	0	0	0	0	0	0	0	2	0	0	0	0	0	0	0	0
Methanobacteria	0	0	0	0	0	0	18	0	0	0	0	6	6	0	0	17	0	0	0	0	0	91	0	0	0	6	0	93	0	0	0	0	0	1	0	0	0	0	17	0	0	11	4	0	40	0	6	0	0	1	0	0	0	0	0	9	0	2	0	6	0	0	0	0	0	0	0	0	6	0	9	0	6	0	11	0	0	74	0	0	0	0	1	2	0	0	0	8	207
Methanococci	0	0	0	0	0	0	0	0	0	0	0	0	0	0	0	0	0	0	0	0	0	0	0	0	0	0	0	0	0	0	0	0	0	0	0	0	0	0	0	0	0	0	0	0	0	0	0	0	0	0	0	0	0	0	0	0	0	0	0	0	0	0	0	0	0	0	0	0	0	0	0	0	2	0	0	1	0	1	0	0	0	0	2	0	0	0	1	0	0
Methanomicrobia	0	0	0	0	0	1	0	0	0	0	0	3	3	0	0	0	0	0	0	0	0	0	0	0	1	0	0	0	0	0	0	0	0	0	0	0	0	0	0	0	0	0	2	0	1	0	1	0	0	0	0	0	0	0	0	0	0	0	0	1	0	0	0	0	0	0	0	0	0	0	0	0	2	0	1	0	0	0	0	0	0	0	0	0	0	0	0	1	1
Methanopyri	0	0	0	0	0	0	0	0	0	0	0	0	0	0	0	0	0	0	0	0	0	0	0	0	0	0	0	0	0	0	0	0	0	0	0	0	0	0	0	0	0	0	0	0	0	0	0	0	0	0	0	0	0	0	0	0	0	0	0	1	0	0	0	0	0	0	0	0	0	0	0	0	0	0	0	0	0	0	0	0	0	0	0	0	0	0	0	0	0
Microbotryomycetes	0	0	0	0	0	0	0	0	0	0	0	0	1	0	0	0	0	0	0	0	0	0	0	0	0	0	0	0	0	0	1	0	0	0	0	0	0	0	0	0	0	0	0	0	0	0	0	0	0	0	0	0	0	0	0	0	0	0	0	0	0	0	1	0	0	0	0	0	0	1	0	0	0	0	0	0	0	0	0	0	1	0	0	0	0	0	0	0	1
Mollicutes	11	0	8	2	1	2	0	4	1	1	0	4	8	0	4	4	0	1	1	19	0	12	0	0	0	16	0	36	1	0	2	2	8	4	0	1	0	6	4	0	3	11	7	10	5	5	6	1	0	7	0	0	0	0	0	2	2	0	0	14	2	0	12	31	4	0	1	0	0	13	0	5	9	5	3	18	0	5	0	5	14	0	17	1	1	0	0	1	28
Negativicutes	480	248	413	232	951	120	179	10628	12149	493	792	246	336	12875	142	7474	140	1136	1359	408	586	150	1569	299	663	196	348	398	9103	163	2047	193	193	6637	579	206	169	547	513	238	642	498	157	5725	122	517	3238	11418	136	1300	3305	328	125	474	262	796	1749	486	4912	1266	4466	318	676	2183	249	912	227	180	93	623	39638	266	716	2282	305	4544	284	225	1535	219	351	145	658	54	782	335	381	470	2465
Nephroselmidophyceae	0	0	1	0	0	0	1	0	0	0	0	0	0	0	0	0	0	0	0	0	0	0	0	9	0	0	0	0	0	0	0	6	0	0	0	0	0	0	0	0	0	0	0	9	0	0	0	0	0	0	0	0	0	0	7	0	0	10	0	8	0	0	7	0	0	0	0	2	0	0	0	0	0	0	0	0	3	5	0	0	6	0	0	0	0	0	0	0	0
Nitrospira	0	0	1	0	1	0	1	0	1	0	0	0	0	0	0	0	0	0	0	0	0	0	2	0	0	0	0	1	0	1	0	0	0	0	0	1	0	0	0	0	0	0	0	0	4	0	0	0	0	0	0	0	0	0	0	0	1	0	0	0	0	0	0	1	0	0	0	0	0	0	2	0	1	1	0	0	0	0	0	0	0	0	0	0	0	0	0	0	0
Oomycetes	2	0	6	3	0	1	1	3	2	0	0	0	0	1	0	0	0	0	40	0	1	0	0	0	0	0	0	1	3	0	0	1	0	0	1	1	1	0	2	0	0	0	3	28	2	4	0	0	0	0	0	1	0	0	0	0	0	1	2	2	6	1	0	3	3	2	2	3	0	0	0	2	0	0	0	0	0	0	0	0	0	0	6	2	0	0	2	2	0
Opitutae	0	1	1	1	0	0	0	0	0	0	1	0	0	0	1	1	0	0	1	0	1	2	1	0	1	1	0	2	0	0	0	0	0	0	0	0	0	0	0	0	0	5	3	0	0	1	0	0	0	0	0	0	0	0	0	0	0	0	0	1	0	0	1	0	0	2	0	0	19	1	0	2	0	0	1	0	0	0	1	2	1	0	0	2	2	1	0	6	0
Pelagophyceae	0	0	1	1	0	0	0	0	0	1	1	0	0	0	0	1	0	0	0	0	3	0	0	0	0	1	0	0	0	0	0	0	7	0	0	0	0	7	4	0	0	0	1	0	0	0	3	2	0	1	0	0	0	0	0	4	0	0	3	1	0	2	0	0	0	0	0	0	0	0	0	1	0	2	0	0	0	0	0	0	1	2	0	1	0	0	3	0	0
Phycisphaerae	2	0	0	0	0	0	0	0	0	0	0	0	0	0	1	0	0	0	1	0	0	2	0	0	0	0	0	1	1	0	6	0	0	0	0	0	0	2	0	0	0	0	0	0	0	0	1	0	0	1	0	0	3	0	0	0	0	0	0	1	0	0	1	0	0	0	0	0	0	0	0	0	4	2	0	0	0	1	0	0	0	0	2	1	0	0	0	2	0
Planctomycetia	0	1	0	1	0	0	0	0	0	1	1	1	0	0	0	0	0	1	1	0	0	0	1	1	0	2	0	0	0	0	0	0	0	0	1	0	0	1	1	0	0	1	0	1	0	0	1	0	1	1	0	0	0	0	0	1	0	1	0	1	3	0	0	0	1	1	0	0	0	0	0	0	1	1	0	0	1	0	0	0	1	0	0	0	0	0	0	2	0
Pucciniomycetes	7	0	1	1	0	1	1	1	2	10	0	8	0	0	8	0	4	1	9	1	4	3	3	7	13	0	2	10	4	6	1	0	0	1	3	1	5	0	2	11	2	0	0	230	0	0	0	0	1	1	2	0	8	42	2	0	2	0	2	13	6	0	3	1	2	0	0	0	0	2	2	6	0	3	2	4	9	8	10	2	2	3	8	1	2	1	3	4	1
Raphidophyceae	0	0	0	0	0	0	0	0	0	0	0	0	0	0	0	0	0	0	0	0	0	0	0	0	0	0	0	0	0	0	0	0	0	0	0	0	0	0	0	0	0	0	0	2	0	0	0	0	0	0	0	0	0	0	0	0	0	0	0	0	0	0	0	0	0	0	0	0	0	0	0	0	0	0	0	0	0	0	0	0	0	0	0	0	0	0	0	0	0
Rubrobacteria	0	0	0	0	0	0	1	0	1	0	0	0	0	0	0	0	0	0	0	0	0	0	0	0	0	0	0	5	0	2	0	1	0	0	1	1	0	0	0	2	0	0	1	0	0	3	4	0	0	0	1	0	0	0	0	0	0	0	0	1	1	0	0	0	0	0	0	0	0	0	0	2	0	1	0	0	1	1	0	0	1	1	0	0	0	0	0	0	1
Saccharomycetes	5	3	5	14	5	0	24	131	26	3	5	5	3	29	27	8	4	2	9	8	23	2	0	4	0	12	5	4	4	0	0	14	2	4	9	5	2	2	23	0	0	1	17	0	0	3	3	16	13	8	1	17	5	3	0	13	4	387	6	54	4	2	0	19	0	0	2	14	20	19	13	12	0	5	2	3	0	2	2	4	9	4	56	22	9	2	21	2	51
Schizosaccharomycetes	0	0	0	0	0	0	0	0	0	0	0	0	0	0	0	0	0	0	0	0	0	0	0	0	0	0	0	0	0	0	0	0	0	0	0	0	0	0	0	0	0	0	0	0	0	0	0	0	0	4	0	0	0	0	0	1	0	0	0	0	0	0	0	0	0	0	0	0	0	0	0	0	0	0	0	0	0	0	0	0	0	0	0	0	2	0	0	0	0
Solibacteres	0	0	0	0	0	0	0	0	0	0	0	0	0	3	0	0	0	0	1	0	0	0	0	0	1	0	0	0	0	0	0	3	0	0	0	0	0	1	0	1	0	1	1	0	0	0	0	0	0	0	1	0	0	0	0	0	0	0	0	0	2	3	0	0	0	0	0	0	0	0	0	3	0	0	2	0	0	0	0	0	0	5	0	0	0	0	0	0	0
Sordariomycetes	60	66	65	83	53	43	94	54	48	25	109	115	153	23	25	54	55	50	109	83	54	77	87	55	64	59	47	119	59	53	106	96	67	99	56	39	9	148	87	23	71	273	89	355	121	97	94	75	38	142	71	18	48	33	79	99	59	46	53	205	79	14	166	87	74	55	26	67	53	48	40	99	210	76	117	49	79	62	91	45	89	76	114	66	95	4	44	212	102
Spartobacteria	0	0	0	0	0	0	0	0	0	0	0	0	0	0	0	2	0	0	0	0	0	0	0	0	0	0	0	3	0	0	0	0	0	0	0	0	0	0	0	0	0	1	0	0	0	1	0	0	0	0	0	0	0	0	0	0	0	0	1	0	0	0	1	0	0	0	0	0	2	0	0	0	2	1	0	0	0	0	0	0	0	0	0	0	0	0	0	0	2
Sphingobacteriia	2	4	1	11	0	0	0	0	2	3	3	12	1	5	0	2	0	5	1	0	3	5	0	0	0	6	2	5	1	4	0	5	0	3	0	0	0	29	0	4	0	5	0	0	0	14	1	9	0	1	2	0	1	0	9	1	1	0	0	1	4	0	0	1	2	2	1	2	8	2	0	0	5	0	0	3	2	2	1	0	4	9	2	6	3	17	2	0	5
Spirochaetia	212	81	100	52	46	51	361	289	14	129	91	130	164	6	93	36	89	97	22	128	17	354	10	57	126	198	19	153	45	59	33	105	22	47	198	90	12	98	193	28	47	247	67	1	115	43	20	186	15	49	19	25	17	37	24	92	11	15	55	142	50	53	255	47	80	21	72	119	198	145	60	110	129	173	104	33	176	215	29	22	50	45	100	60	59	28	318	74	149
Synergistia	0	0	1	0	0	0	18	0	1	1	2	4	1	0	1	0	0	0	2	0	0	1	0	0	0	5	0	7	0	0	0	0	4	0	0	0	0	10	1	0	0	2	0	1	0	4	0	3	0	0	1	0	1	0	0	0	0	0	0	0	1	0	1	2	0	0	0	0	1	0	2	1	7	0	1	1	1	1	0	0	3	0	6	0	0	1	2	1	2
Thermococci	0	0	0	0	0	0	0	0	0	0	0	0	0	0	0	0	0	0	0	0	0	0	0	0	0	0	0	0	0	0	0	0	0	0	0	0	0	0	0	0	0	0	0	0	0	0	0	0	0	0	0	0	0	0	0	0	0	0	1	0	0	0	0	0	0	0	0	0	0	0	0	0	1	0	0	0	0	0	0	0	0	0	0	0	0	0	0	0	0
Thermodesulfobacteria	0	0	0	0	0	0	0	0	0	0	0	0	0	0	0	0	0	1	0	0	0	0	0	0	0	0	0	0	0	0	0	0	0	0	0	0	0	0	0	0	0	0	0	0	0	0	0	0	0	0	0	0	0	0	0	0	0	0	0	0	0	0	0	0	0	0	0	0	0	0	0	1	0	0	0	0	0	0	0	0	0	0	0	0	0	0	0	0	0
Thermoleophilia	0	1	0	0	3	0	6	0	1	0	0	0	0	0	1	0	0	0	0	0	0	5	0	0	0	0	0	1	1	1	0	0	0	0	0	0	0	0	1	1	0	14	1	0	2	1	1	0	0	0	1	0	0	2	0	0	0	1	0	5	0	0	0	0	0	1	0	0	6	0	1	8	0	0	5	0	1	8	0	0	0	0	2	0	0	0	1	8	0
Thermomicrobia	0	0	1	0	0	0	1	0	0	1	0	1	0	0	0	0	0	0	0	0	0	0	0	0	0	0	0	0	0	0	1	0	0	0	0	0	0	1	0	0	0	1	0	0	0	0	2	0	0	0	0	0	0	0	0	0	0	0	0	0	0	1	0	0	0	0	0	0	0	0	0	0	3	1	0	0	1	1	0	0	0	0	0	0	0	0	0	2	0
Thermoprotei	0	0	0	0	0	0	0	0	0	0	0	0	0	0	0	0	0	0	0	0	0	0	0	0	0	0	0	0	0	0	0	0	0	0	0	0	0	0	0	0	0	0	0	0	0	0	0	0	0	0	0	0	0	0	0	0	0	0	0	2	0	0	0	0	0	0	0	0	0	0	0	0	0	0	0	0	0	0	0	0	0	0	0	0	0	0	0	0	0
Thermotogae	0	0	0	0	0	0	0	0	0	0	0	0	0	1	0	0	0	1	1	0	0	0	0	1	0	0	1	2	0	0	0	0	1	0	0	0	0	0	0	0	0	0	1	0	0	0	0	1	0	0	3	0	0	0	1	1	1	0	0	0	0	0	0	0	0	0	0	0	0	0	0	0	0	0	1	0	0	0	0	0	0	0	0	0	0	0	0	0	0
Tissierellia	19	9	20	20	10	100	438	11	5	11	13	26	20	9	23	34	17	16	17	33	14	7	6	28	4	10	11	28	2	5	0	12	20	4	32	182	1	1	8	21	14	18	8	11	5	20	30	6	7	23	0	5	9	2	5	8	6	6	13	10	22	16	9	16	8	12	5	2	6	163	8	18	31	29	37	7	6	141	5	12	1	15	18	2	19	8	4	1	11
Trebouxiophyceae	0	0	1	1	0	0	0	0	0	0	0	0	0	0	5	2	0	3	0	5	0	0	0	1	1	0	0	6	0	0	0	0	0	0	0	0	0	0	1	0	0	1	0	0	0	1	0	0	0	0	13	0	0	0	0	0	0	0	0	0	1	1	3	0	0	0	0	0	3	0	0	0	1	0	0	0	1	0	0	2	0	0	1	0	0	0	0	1	9
Tremellomycetes	0	0	0	0	0	0	0	0	0	0	0	0	0	0	0	0	0	0	0	0	0	0	0	0	0	0	0	0	0	0	0	0	0	0	0	0	0	0	0	0	0	0	0	3	0	0	0	0	0	0	0	0	7	0	0	0	0	0	0	0	0	0	0	0	0	0	0	0	0	0	0	0	0	0	0	0	0	0	0	0	0	0	0	0	0	0	0	0	0
Ulvophyceae	0	0	0	0	0	0	0	0	0	0	0	0	0	0	0	0	0	0	0	0	0	0	0	0	0	0	0	0	0	0	0	0	0	0	0	1	0	0	0	0	0	0	0	0	0	9	0	0	0	0	0	0	0	0	0	0	0	0	0	0	0	0	0	0	0	0	0	0	0	0	0	0	0	0	0	0	0	0	0	0	0	0	0	0	0	0	0	0	0
Unclassified	41	34	89	11	556	27	149	43	21	20	11	51	91	1937	8	109	29	8	32	28	12	40	94	64	8	26	20	16	44	56	67	5	38	20	16	26	11	146	77	27	579	47	39	1136	76	23	73	12	16	20	11	6	438	60	21	7	3970	349	13	262	159	33	17	119	55	33	20	8	20	7	60	33	17	19	60	11	15	14	80	10	12	20	55	18	27	2	3	34	68
Ustilaginomycetes	1	0	0	0	3	1	0	0	0	0	0	0	0	0	0	0	0	0	1	0	0	0	0	0	0	0	0	0	0	0	0	0	0	0	0	0	0	0	0	1	0	0	1	0	0	1	1	0	0	1	0	0	0	0	0	0	0	1	0	0	1	0	0	0	0	1	0	0	0	0	0	4	0	1	0	0	0	0	0	0	0	0	0	0	1	0	0	1	1
Verrucomicrobiae	2005	88	9540	9	13	11	13911	1221	4	4	11	5996	4202	8	23902	4469	827	211	3660	1141	120	360	1720	106	2	155	3	1274	6364	5009	2738	7831	10182	1225	11	53	2379	175	55	7	11	12527	25	70	677	835	11	3	427	57	8662	6	3	10	85	2883	4272	931	747	30	423	14747	17	15037	98	391	11	11684	8804	18504	34154	1	6	113	13897	5	15638	3968	13	2	253	166	49	367	4	2	6078	1944	7506
