phylum	MMRS11288076ST	MMRS11664448ST	MMRS11932626ST	MMRS12272136ST	MMRS14379078ST	MMRS14602194ST	MMRS15137911ST	MMRS16644320ST	MMRS17603756ST	MMRS17963147ST	MMRS18295921ST	MMRS20257302ST	MMRS21365932ST	MMRS24340226ST	MMRS25211151ST	MMRS25641480ST	MMRS29805707ST	MMRS31306426ST	MMRS32573774ST	MMRS33294861ST	MMRS34525504ST	MMRS34569532ST	MMRS35808664ST	MMRS36405092ST	MMRS38861560ST	MMRS38954404ST	MMRS39415781ST	MMRS39582183ST	MMRS40913371ST	MMRS41266697ST	MMRS41711735ST	MMRS42570301ST	MMRS42780924ST	MMRS43563715ST	MMRS43939546ST	MMRS44197125ST	MMRS44203591ST	MMRS44587603ST	MMRS47662059ST	MMRS47685461ST	MMRS48639115ST	MMRS51307502ST	MMRS51410669ST	MMRS51728985ST	MMRS51737257ST	MMRS54246132ST	MMRS54316675ST	MMRS55294627ST	MMRS56137463ST	MMRS57276462ST	MMRS57569834ST	MMRS59699117ST	MMRS61683006ST	MMRS62192467ST	MMRS62376181ST	MMRS62666492ST	MMRS64281211ST	MMRS64281551ST	MMRS65205033ST	MMRS65742083ST	MMRS65862658ST	MMRS65945127ST	MMRS66868025ST	MMRS67096717ST	MMRS67690541ST	MMRS68630931ST	MMRS68910755ST	MMRS71238091ST	MMRS71762412ST	MMRS72802364ST	MMRS72980899ST	MMRS73787048ST	MMRS77018926ST	MMRS77321055ST	MMRS77487595ST	MMRS78791111ST	MMRS79893829ST	MMRS80093644ST	MMRS81130264ST	MMRS81135225ST	MMRS81671217ST	MMRS84085284ST	MMRS84159866ST	MMRS84954772ST	MMRS85382779ST	MMRS85438660ST	MMRS85548821ST	MMRS86168210ST	MMRS95277876ST
Acidobacteria	2	2	7	0	0	4	0	0	0	3	1	2	2	3	0	3	3	1	2	1	2	6	2	1	1	2	0	1	1	1	1	4	1	3	1	8	1	8	2	4	1	9	2	0	1	3	1	3	1	3	1	0	1	3	4	0	1	0	2	0	3	4	1	1	2	1	0	3	2	0	1	6	2	4	4	2	1	2	0	2	7	5	4	0	4	1	1	10	0
Actinobacteria	2307	1190	6125	2482	4749	1428	2543	20067	3398	1451	5242	2286	1553	467	596	11017	1620	1273	2666	4228	3354	3739	494	28305	9895	1786	3084	3358	10672	933	5081	4313	2006	8034	9798	16303	1696	4687	1262	2370	6033	2564	7671	4698	1080	6424	9372	24270	6416	2799	8130	820	3720	3011	5195	2421	703	3550	7877	544	1141	2899	8513	118262	2644	6897	929	4653	514	1994	15085	7873	9982	9887	2909	7237	582	11810	6713	1478	3045	16886	2316	1158	3300	1202	6002	4869	9242
Apicomplexa	0	0	0	0	0	0	0	0	0	0	0	0	0	0	0	5	0	0	0	0	0	0	0	0	0	3	0	0	0	0	0	0	0	0	0	0	0	0	0	0	0	0	0	1	0	0	0	0	0	0	0	0	0	0	0	0	1	0	0	1	0	0	0	0	0	0	0	0	0	0	0	0	0	1	0	0	0	1	0	0	0	0	0	0	0	0	0	0	0
Aquificae	1	0	1	0	0	0	0	1	0	0	0	0	1	0	1	0	0	0	1	0	0	2	1	1	0	0	1	1	0	0	0	0	1	5	0	0	0	0	0	0	0	0	0	0	0	1	0	0	0	0	0	0	0	0	0	0	2	2	0	0	0	0	0	0	1	1	0	0	0	0	0	0	0	0	0	0	0	0	0	0	0	0	1	0	0	0	0	1	1
Ascomycota	5	3	5	14	5	0	24	131	26	3	5	5	3	29	27	8	4	2	9	8	23	2	0	4	0	12	5	4	4	0	0	14	2	4	9	5	2	2	23	0	0	1	17	0	0	3	3	16	13	12	1	17	8	3	0	14	4	387	6	54	4	2	0	19	0	0	2	14	20	20	13	12	0	5	2	3	0	2	2	4	9	4	57	22	11	2	21	2	51
Bacillariophyta	0	0	4	0	0	0	0	3	0	0	0	18	0	0	0	0	0	0	2	0	0	0	2	6	0	0	0	1	0	0	0	0	0	0	0	0	0	0	0	0	0	0	0	12	0	0	0	0	0	0	0	0	0	0	0	0	0	0	0	6	0	0	0	0	1	0	0	0	0	0	0	6	0	0	0	0	0	0	0	0	2	0	9	0	0	0	0	1	0
Bacteroidetes	225722	178513	204028	261735	321139	195782	188684	192400	377938	213657	127547	141552	134903	301334	300089	144081	256515	309111	164911	204513	112703	92418	123137	179066	228984	172976	251767	78059	374650	425896	321426	262203	273071	180470	228712	324543	607085	105292	200329	510798	253040	51417	97199	4144	132688	76150	117547	322428	420643	68794	419036	541263	411573	359859	296198	114187	462769	189261	105603	72365	110751	13844	65420	177679	134148	294772	450056	266944	202279	256520	264539	197104	58588	173940	110773	118211	190198	218403	425746	261818	57119	285601	73136	272304	188642	382806	300586	28594	78531
Basidiomycota	8	0	1	1	3	2	1	15	2	10	0	8	1	0	8	0	4	1	10	1	4	4	3	7	13	0	2	10	4	6	2	0	0	1	3	1	5	0	2	12	2	0	1	326	0	1	1	1	2	3	2	0	15	42	2	0	2	1	3	13	7	0	4	1	3	1	0	0	0	3	2	10	0	5	3	4	9	10	10	2	3	3	8	1	4	1	3	5	3
Blastocladiomycota	1	9	1	6	0	2	3	5	7	4	22	7	3	2	4	0	1	8	4	1	15	11	7	3	2	2	3	4	2	5	0	13	8	6	2	4	1	14	3	0	4	8	10	0	13	12	17	3	3	6	8	1	4	0	8	6	1	15	32	13	8	2	11	3	7	7	1	8	0	4	3	4	16	2	1	5	20	5	1	11	7	6	6	3	6	3	3	13	11
Candidatus Saccharibacteria	1	2	4	1	3	1	0	0	0	8	4	3	0	3	1	0	3	3	6	1	1	3	3	0	1	1	0	4	1	3	0	0	13	0	3	5	0	0	3	17	3	2	1	866	0	2	2	0	6	2	2	0	1	32	8	0	1	0	5	3	103	4	2	7	4	1	1	0	6	0	43	4	2	0	1	4	1	1	4	3	0	0	12	0	3	1	0	0	1
Chlamydiae	0	0	0	0	0	0	0	0	0	0	0	0	0	0	1	0	0	0	0	0	0	0	0	0	0	0	0	0	0	0	0	0	0	0	0	0	0	0	0	0	0	0	2	0	0	0	0	0	0	0	0	0	0	0	0	0	0	0	0	0	0	0	0	0	0	0	0	0	0	0	0	0	0	0	1	0	0	0	0	0	0	0	0	1	0	0	0	0	0
Chlorobi	2	0	1	1	2	1	3	0	0	3	0	3	3	1	2	3	2	1	1	1	5	4	3	0	0	4	3	2	1	4	0	1	2	0	0	1	0	4	1	0	0	3	1	0	2	1	2	3	0	3	1	1	0	2	0	1	2	0	5	0	1	4	6	3	0	0	0	1	1	2	0	0	11	0	3	3	1	5	0	1	3	0	7	0	1	2	2	6	4
Chloroflexi	2	15	4	0	0	20	23	2	3	5	3	11	2	7	25	5	1	19	0	17	0	5	16	3	2	10	0	17	2	9	3	3	2	1	70	20	0	8	1	5	4	8	4	1	4	1	11	0	15	5	1	1	4	0	0	11	0	4	3	2	4	35	3	53	21	1	1	8	2	2	1	3	6	12	7	0	2	2	0	4	4	6	3	0	1	2	25	6	3
Chlorophyta	1	2	21	4	2	10	3	1	10	2	2	1	0	0	5	6	1	4	9	7	4	9	2	10	2	0	2	7	0	1	16	6	5	1	10	3	0	0	6	0	4	13	3	13	1	30	1	5	0	22	18	1	3	0	7	0	4	12	5	13	1	1	17	1	13	1	3	6	5	2	13	2	4	2	14	3	6	12	1	3	7	6	22	6	1	0	1	9	53
Chrysiogenetes	1	0	0	0	0	0	0	0	0	0	2	0	1	0	0	0	0	0	1	0	0	0	0	0	0	0	0	3	0	1	0	6	0	0	0	0	0	0	1	0	0	0	1	0	0	0	0	0	0	0	0	0	0	0	0	1	0	0	0	0	0	0	3	1	0	0	0	0	0	0	0	0	0	4	0	1	0	1	0	0	0	0	2	0	0	0	0	0	2
Crenarchaeota	0	0	0	0	0	0	0	0	0	0	0	0	0	0	0	0	0	0	0	0	0	0	0	0	0	0	0	0	0	0	0	0	0	0	0	0	0	0	0	0	0	0	0	0	0	0	0	0	0	0	0	0	0	0	0	0	0	0	0	2	0	0	0	0	0	0	0	0	0	0	0	0	0	0	0	0	0	0	0	0	0	0	0	0	0	0	0	0	0
Cyanobacteria	2	1	8	6	1	5	5	5	0	0	1	5	17	1	5	2	4	2	6	15	6	12	1	4	2	1	4	9	14	4	6	3	0	1	1	1	3	6	0	0	6	21	5	6	7	1	16	4	1	6	1	0	0	5	8	4	5	2	1	19	12	1	9	1	3	3	0	2	7	4	0	0	8	12	5	6	3	3	0	5	8	4	17	7	4	1	2	18	15
Deferribacteres	0	0	0	0	0	1	0	0	1	0	0	1	0	0	0	0	0	0	0	0	0	0	0	0	0	0	1	0	0	0	0	0	0	0	0	0	0	0	0	0	0	0	0	0	0	0	0	0	0	0	1	1	0	0	0	0	0	0	0	0	1	1	0	0	0	1	0	0	0	1	0	0	0	0	0	0	0	0	1	0	0	0	0	0	0	0	0	0	0
Deinococcus-Thermus	0	2	5	8	2	10	10	0	1	1	1	7	5	4	4	4	7	3	4	3	5	6	3	0	6	6	3	10	3	1	5	4	4	2	6	1	0	3	2	0	5	20	6	1	4	1	3	5	4	4	2	1	4	0	3	7	1	1	8	5	2	1	26	10	4	1	2	2	2	4	1	4	12	4	9	1	4	17	2	0	9	9	7	5	8	3	2	14	2
Dictyoglomi	2	0	0	0	0	0	0	0	0	0	0	0	0	0	2	0	1	0	0	0	0	1	0	0	0	0	0	0	0	0	0	0	0	0	0	0	0	0	0	0	0	0	0	0	0	0	0	0	1	0	2	0	0	0	0	0	1	0	0	0	0	0	0	0	0	0	0	0	0	0	0	0	0	0	0	0	0	0	0	0	0	0	0	0	0	1	0	0	1
Elusimicrobia	1	0	1	0	1	0	0	0	0	0	0	0	0	0	0	0	0	0	0	0	0	0	0	1	0	0	0	0	0	0	0	0	0	0	0	0	0	0	1	0	0	0	0	0	0	0	0	0	0	0	0	0	0	0	0	0	0	0	0	0	0	0	0	0	0	0	0	0	0	0	0	0	0	0	0	0	0	0	0	0	0	0	0	0	0	0	0	0	0
Euryarchaeota	0	0	0	0	6	1	18	3	0	0	0	10	10	0	1	17	0	0	0	0	0	91	0	2	1	6	0	93	0	0	0	0	0	1	0	0	0	0	17	0	0	14	6	0	42	0	7	1	0	1	0	0	0	0	0	9	0	2	1	8	0	1	0	2	0	0	0	0	6	1	9	0	11	0	12	1	0	75	0	0	0	0	3	2	0	0	1	10	209
Firmicutes	136004	102453	109070	133665	198788	143625	75471	191643	91965	93288	86362	87801	96353	97087	104514	124302	170725	39923	83261	150825	55949	64593	68468	123019	98228	88206	138886	74647	144611	61196	108801	77361	60828	104641	213539	53513	25666	113734	83197	50474	240820	66236	103964	305265	105280	74948	84587	74116	121199	117176	59556	108334	80767	91280	151494	96362	29401	91197	93252	88239	178527	164171	79308	85875	131445	98384	62489	78363	59244	98977	121286	135627	76920	170503	106410	150231	72405	75815	119171	79710	156367	59191	76141	91930	133081	112574	90349	34876	74344
Fusobacteria	27	2	4	1	58	102	795	0	670	38	58	20	4	6	23	7	0	2592	25	2	2	27	30	1	0	38	8	26	0	1	0	4	2723	3	541	424	6	0	4	0	31	0	8	596	16	6	135	44	330	20	2	3	4	159	8	42	9	4	1388	8	286	385	0	24	0	6	124	1	38	454	149	22	2	61	83	1	1	3	5	42	61	2	16	1	24	1	1	1	9
Gemmatimonadetes	0	0	0	0	0	2	0	0	0	0	0	0	3	0	0	0	0	0	2	0	0	2	0	0	0	1	0	1	1	0	0	1	0	0	1	0	0	1	0	1	0	2	0	0	0	0	0	0	0	0	0	0	0	0	0	0	0	0	1	1	0	0	0	0	0	0	0	1	1	1	0	0	0	0	0	1	0	0	0	0	0	1	0	0	0	0	0	0	0
Ignavibacteriae	0	0	0	0	0	0	0	0	0	0	0	0	0	0	0	0	0	0	0	0	0	0	0	0	0	0	0	0	0	0	0	0	0	0	0	0	0	0	0	0	0	0	0	0	0	0	0	0	0	0	0	0	0	1	0	0	0	0	0	1	0	0	1	0	0	0	0	0	0	0	0	2	0	0	0	0	0	0	0	0	1	0	0	0	0	0	1	0	0
Lentisphaerae	0	0	0	0	0	0	0	0	0	0	0	0	0	0	0	2	3	0	0	0	0	0	0	0	0	0	0	0	0	0	0	0	0	0	0	0	0	0	0	0	0	0	0	0	1	0	0	0	0	0	0	0	0	0	0	0	0	0	0	0	0	0	0	0	0	0	0	0	0	0	0	0	0	0	0	0	0	0	0	0	0	0	0	0	0	0	0	0	0
Microsporidia	0	0	0	0	0	0	0	0	0	0	0	0	0	0	0	3	0	0	0	0	0	0	0	0	0	0	0	0	0	0	0	0	0	0	0	0	0	0	0	0	0	0	0	0	0	0	0	0	0	0	0	0	0	0	0	0	0	0	0	0	0	0	0	0	0	0	0	0	0	0	0	0	0	0	0	0	0	0	0	0	0	0	0	0	0	0	0	0	0
Nitrospirae	0	0	1	0	1	0	1	0	1	0	0	0	0	0	0	0	0	0	0	0	0	0	2	0	0	0	0	1	0	1	0	0	0	0	0	1	0	0	0	0	0	0	0	0	4	0	0	0	0	0	0	0	0	0	0	0	1	0	0	0	0	0	0	1	0	0	0	0	0	0	2	0	1	1	0	0	0	0	0	0	0	0	0	0	0	0	0	0	0
Phaeophyceae	0	0	0	0	0	0	0	0	0	0	0	0	0	0	0	0	0	0	0	0	0	0	0	0	0	0	9	0	0	0	0	0	0	0	0	9	0	0	0	0	0	0	0	0	0	0	0	0	0	0	0	0	0	0	0	0	0	0	0	0	0	0	0	0	0	0	0	0	0	0	0	0	0	0	21	0	0	0	0	0	0	0	0	0	0	0	0	0	0
Planctomycetes	2	1	0	1	0	0	0	0	0	1	1	1	0	0	1	0	0	1	2	0	0	2	1	1	0	2	0	1	1	0	6	0	0	0	1	0	0	3	1	0	0	1	0	1	0	0	2	0	1	2	0	0	3	0	0	1	0	1	0	2	3	0	1	0	1	1	0	0	0	0	0	0	5	3	0	0	1	1	0	0	1	0	2	1	0	0	0	4	0
Proteobacteria	1298	873	2410	808	1647	31156	22470	10220	647	4712	1286	5997	707	597	10136	495	565	1861	2678	3153	2633	916	184375	857	2444	1711	374	645	397	105243	242361	642	423	1049	29496	435	4652	9195	115849	7051	1190	1453	1232	533000	4714	11217	27978	2415	10820	1556	515	285	207	3155	1148	4994	100390	15946	3616	126693	2744	35954	1405	5490	744	591	348	505	4869	2547	4616	6263	1082	2189	39910	553	844	26588	898	394	4462	745	1598	879	43440	239	483	34106	3890
Spirochaetes	212	81	100	52	46	51	361	289	14	129	91	130	164	6	93	36	89	97	22	128	17	354	10	57	126	198	19	153	45	59	33	105	22	47	198	90	12	98	193	28	47	247	67	1	115	43	20	186	15	49	19	25	17	37	24	92	11	15	55	142	50	53	255	47	80	21	72	119	198	145	60	110	129	173	104	33	176	215	29	22	50	45	100	60	59	28	318	74	149
Synergistetes	0	0	1	0	0	0	18	0	1	1	2	4	1	0	1	0	0	0	2	0	0	1	0	0	0	5	0	7	0	0	0	0	4	0	0	0	0	10	1	0	0	2	0	1	0	4	0	3	0	0	1	0	1	0	0	0	0	0	0	0	1	0	1	2	0	0	0	0	1	0	2	1	7	0	1	1	1	1	0	0	3	0	6	0	0	1	2	1	2
Tenericutes	11	0	8	2	1	2	0	4	1	1	0	4	8	0	4	4	0	1	1	19	0	12	0	0	0	16	0	36	1	0	2	2	8	4	0	1	0	6	4	0	3	11	7	10	5	5	6	1	0	7	0	0	0	0	0	2	2	0	0	14	2	0	12	31	4	0	1	0	0	13	0	5	9	5	3	18	0	5	0	5	14	0	17	1	1	0	0	1	28
Thermodesulfobacteria	0	0	0	0	0	0	0	0	0	0	0	0	0	0	0	0	0	1	0	0	0	0	0	0	0	0	0	0	0	0	0	0	0	0	0	0	0	0	0	0	0	0	0	0	0	0	0	0	0	0	0	0	0	0	0	0	0	0	0	0	0	0	0	0	0	0	0	0	0	0	0	1	0	0	0	0	0	0	0	0	0	0	0	0	0	0	0	0	0
Thermotogae	0	0	0	0	0	0	0	0	0	0	0	0	0	1	0	0	0	1	1	0	0	0	0	1	0	0	1	2	0	0	0	0	1	0	0	0	0	0	0	0	0	0	1	0	0	0	0	1	0	0	3	0	0	0	1	1	1	0	0	0	0	0	0	0	0	0	0	0	0	0	0	0	0	0	1	0	0	0	0	0	0	0	0	0	0	0	0	0	0
Unclassified	144	144	160	117	622	64	259	141	97	58	155	211	258	1971	42	178	105	88	187	150	71	118	218	154	90	111	78	212	133	184	199	139	134	153	98	67	35	360	176	40	644	390	188	876	225	140	209	113	51	176	104	30	515	83	131	130	4064	429	108	620	156	53	206	242	162	99	65	107	92	75	65	146	280	139	187	72	160	91	195	62	143	114	161	105	163	8	61	322	199
Verrucomicrobia	2005	89	9541	10	13	11	13911	1221	4	4	12	5996	4202	8	23903	4472	827	211	3661	1141	121	362	1721	106	3	156	3	1279	6364	5009	2738	7831	10182	1225	11	53	2379	175	55	7	11	12533	28	70	677	837	11	3	427	57	8662	6	3	10	85	2883	4272	931	748	31	423	14747	19	15037	98	393	11	11684	8825	18505	34154	3	8	114	13898	5	15638	3968	14	4	254	166	49	369	6	3	6078	1950	7508
Xanthophyceae	0	0	0	0	0	0	0	0	0	0	0	0	0	0	0	0	0	0	0	0	0	0	0	0	0	0	3	0	0	0	0	0	0	0	0	0	0	0	0	0	0	0	0	0	0	0	0	0	0	0	0	0	0	0	0	0	0	0	0	0	0	0	0	0	0	0	0	0	0	0	0	0	0	0	0	0	0	0	0	0	0	0	7	0	0	0	0	0	0
candidate division NC10	0	0	0	0	0	0	0	0	0	0	0	0	2	0	0	0	0	0	0	0	0	0	0	0	0	0	0	0	0	0	0	0	0	0	0	0	0	0	0	0	0	0	0	0	0	0	0	2	0	0	0	0	0	0	0	0	0	0	0	0	0	0	0	0	0	0	0	0	0	0	0	0	0	0	0	0	0	0	0	0	0	0	0	0	0	0	0	0	0
