order	Adenoma10.2757.S10.L001	Adenoma11.2775.S11.L001	Adenoma1.2065.S1.L001	Adenoma12.2799.S12.L001	Adenoma13.2803.S13.L001	Adenoma14.2817.S14.L001	Adenoma15.2847.S15.L001	Adenoma16.2873.S16.L001	Adenoma17.2937.S17.L001	Adenoma18.2967.S18.L001	Adenoma19.2971.S19.L001	Adenoma20.2995.S20.L001	Adenoma21.3129.S21.L001	Adenoma2.2113.S2.L001	Adenoma22.3133.S22.L001	Adenoma23.3141.S23.L001	Adenoma24.3217.S24.L001	Adenoma25.3273.S25.L001	Adenoma26.3373.S26.L001	Adenoma27.3379.S27.L001	Adenoma28.3391.S28.L001	Adenoma29.3399.S29.L001	Adenoma30.3509.S30.L001	Adenoma3.2123.S3.L001	Adenoma4.2143.S4.L001	Adenoma5.2243.S5.L001	Adenoma6.2453.S6.L001	Adenoma7.2475.S7.L001	Adenoma8.2555.S8.L001	Adenoma9.2717.S9.L001	Cancer10.2567.S70.L001	Cancer11.2573.S71.L001	Cancer12.2575.S72.L001	Cancer1.2355.S61.L001	Cancer13.2579.S73.L001	Cancer14.2611.S74.L001	Cancer15.2613.S75.L001	Cancer16.2619.S76.L001	Cancer17.2625.S77.L001	Cancer18.2629.S78.L001	Cancer19.2633.S79.L001	Cancer20.2667.S80.L001	Cancer21.2671.S81.L001	Cancer22.2703.S82.L001	Cancer2.2455.S62.L001	Cancer23.2705.S83.L001	Cancer24.2727.S84.L001	Cancer25.2735.S85.L001	Cancer26.2763.S86.L001	Cancer27.2771.S87.L001	Cancer28.2777.S88.L001	Cancer29.2801.S89.L001	Cancer30.2863.S90.L001	Cancer3.2513.S63.L001	Cancer4.2521.S64.L001	Cancer5.2523.S65.L001	Cancer6.2535.S66.L001	Cancer7.2537.S67.L001	Cancer8.2543.S68.L001	Cancer9.2547.S69.L001	Healthy10.3087.S40.L001	Healthy11.3123.S41.L001	Healthy1.2027.S31.L001	Healthy12.3211.S42.L001	Healthy13.3241.S43.L001	Healthy14.3245.S44.L001	Healthy15.3247.S45.L001	Healthy16.3251.S46.L001	Healthy17.3257.S47.L001	Healthy18.3293.S48.L001	Healthy19.3339.S49.L001	Healthy20.3341.S50.L001	Healthy21.3347.S51.L001	Healthy22.3363.S52.L001	Healthy2.2779.S32.L001	Healthy23.3367.S53.L001	Healthy24.3403.S54.L001	Healthy25.3405.S55.L001	Healthy26.3407.S56.L001	Healthy27.3439.S57.L001	Healthy28.3499.S58.L001	Healthy29.3529.S59.L001	Healthy30.3291.66.S60.L001	Healthy3.3021.S33.L001	Healthy4.3023.S34.L001	Healthy5.3043.S35.L001	Healthy6.3061.S36.L001	Healthy7.3063.S37.L001	Healthy8.3073.S38.L001	Healthy9.3075.S39.L001
Archaea_Crenarchaeota_Thermoprotei_Incertae_sedis	0	0	0	1	0	0	0	0	0	0	0	0	0	0	0	0	0	0	0	0	0	0	0	0	0	0	0	0	0	0	0	0	0	0	0	0	0	0	0	0	0	0	0	0	0	0	0	0	0	0	0	0	0	0	0	0	0	0	0	0	0	0	0	0	0	0	0	0	0	0	0	0	0	0	0	0	0	0	0	0	0	0	0	0	0	0	0	0	0	0
Archaea_Euryarchaeota_Methanobacteria_Methanobacteriales	2	1	3444	0	5493	7	5	3	1	0	0	0	2	4	335	1688	1	2498	3858	2	1900	0	0	1	6	789	1	866	4	1747	1	1	1	1	0	272	3783	0	0	2032	9	2	916	1	3373	14	321	0	0	0	7	0	738	1	1178	1	2354	1	0	887	2	0	1	1	0	0	568	1	861	1856	0	1	2	11	2	1236	338	6	1	0	0	919	1	3	3	1	0	9	3	1
Archaea_Euryarchaeota_Thermoplasmata_Thermoplasmatales	0	0	4	0	1	0	0	0	0	0	0	0	0	0	0	0	0	1	1	0	0	0	0	0	0	0	0	0	0	0	0	0	0	0	0	0	0	0	0	0	0	0	0	0	0	0	0	0	0	0	0	0	0	0	0	0	0	0	0	0	0	0	0	0	0	0	0	0	0	0	0	0	0	0	0	12	0	0	0	0	0	0	0	0	0	0	0	0	0	0
Actinobacteria_Actinobacteria_Actinomycetales	16	15	17	164	32	20	27	76	42	135	12	19	24	18	5	62	12	8	7	85	5	42	62	6	19	0	72	26	6	64	68	14	37	79	73	3	5	23	11	25	84	10	0	29	53	24	19	145	19	4	8	25	28	28	37	10	5	11	13	49	6	9	3	71	0	15	19	47	11	3	78	4	20	47	8	1	130	528	39	25	9	11	15	43	11	7	12	197	2	72
Actinobacteria_Actinobacteria_Bifidobacteriales	2	8	4	6	3	412	0	64	3099	1066	293	0	1	90	25	1	1181	358	125	6	1946	0	1	168	828	40	1	2075	2	19	439	0	5	186	0	122	1	92	274	39	1	79	23	240	2	184	116	1449	911	1005	13	631	81	333	278	601	134	180	2689	0	219	4798	1	2	8	3	62	4385	1263	84	92	0	8	440	0	3	384	2	532	65	152	0	18	232	275	1942	37	4	254	716
Actinobacteria_Actinobacteria_Coriobacteriales	1096	61	106	42	1562	246	108	38	106	409	1241	366	292	874	1274	1294	1633	632	472	874	1223	1894	957	981	458	165	41	340	13	25	574	346	1145	124	268	126	110	123	240	221	292	9	11	270	286	94	868	152	20	45	163	803	215	633	1710	582	129	658	1409	353	3367	1	50	1135	0	104	290	4	755	214	80	411	267	33	18	444	138	665	42	107	718	711	306	671	102	594	12	50	216	757
Actinobacteria_Actinobacteria_Solirubrobacterales	0	0	0	0	0	0	0	0	0	0	0	0	0	0	0	0	0	0	0	0	0	0	0	0	0	0	0	0	0	0	0	0	0	0	0	0	0	0	0	0	0	0	0	0	0	0	0	0	0	0	0	0	0	0	0	0	0	1	0	0	0	0	0	0	0	0	0	0	0	0	0	0	0	0	0	0	0	0	0	0	0	0	0	0	0	0	0	0	0	0
Bacteroidetes_Bacteroidia_Bacteroidales	2940	4599	3541	2204	1702	6226	1394	1364	530	1186	5940	10110	17014	1924	6139	4663	7324	2432	7619	4467	2277	714	9779	6403	971	13155	552	800	4940	9329	7742	11029	4223	9437	4537	11466	7005	1259	9840	1236	1403	9783	15672	6118	6064	5175	3869	2680	1941	4475	4297	1333	10962	3017	1916	12630	9239	987	1823	12796	8962	5644	6663	668	15878	10688	2450	12625	10670	11577	9008	7403	4983	4832	1184	3950	3791	2783	11682	4292	3576	1977	11644	2129	2908	1662	13961	1993	10006	10020
Bacteroidetes_Flavobacteria_Flavobacteriales	0	0	0	0	0	0	0	0	0	0	0	0	0	0	0	0	0	0	0	0	0	0	0	0	0	0	0	0	0	1	0	0	0	0	0	0	0	0	0	0	0	0	0	0	0	1	0	0	0	0	0	0	0	0	0	0	0	0	0	0	0	0	0	0	0	0	1	0	0	0	2	0	0	2	0	0	0	0	0	0	0	0	0	0	0	0	0	0	0	0
Bacteroidetes_Sphingobacteria_Sphingobacteriales	0	0	0	1	0	0	4	0	0	0	0	0	0	0	2	0	2	6	1	0	0	0	0	0	0	0	1	0	1	15	0	0	0	0	0	0	0	0	0	0	0	0	0	0	279	1	0	0	0	0	0	0	0	1	0	0	0	0	0	0	0	0	0	0	0	0	0	0	1	0	1	24	0	0	3	0	2	0	0	0	0	1	0	0	0	4	0	0	2	0
Bacteroidetes_unassigned_unassigned	89	37	0	222	7	6	23	12	29	89	6	6	116	26	14	8	12	2	9	28	3	16	61	43	37	0	33	14	21	15	18	42	32	7	10	4	8	11	18	8	41	0	6	0	12	28	44	62	50	27	0	44	5	86	32	3	1	18	48	214	2	9	3	28	1	22	7	6	8	2	9	13	102	3	7	7	47	8	1	4	35	5	9	33	85	11	2	39	4	15
DeinococcusThermus_Deinococci_Deinococcales	0	4	13	9	44	0	1	0	0	260	0	0	1	0	0	8	0	28	0	0	0	0	93	0	0	0	50	0	1	0	1	18	2	40	100	0	0	0	0	14	1	0	0	5	35	3	0	357	2	0	0	0	14	0	0	0	7	0	0	0	0	0	0	95	0	0	1	0	2	0	156	0	1	4	0	0	349	749	0	0	0	0	0	0	0	2	0	332	0	0
DeinococcusThermus_Deinococci_Thermales	0	0	0	0	0	0	0	0	0	0	0	0	0	0	0	0	0	0	0	0	0	0	0	0	0	0	0	0	0	0	0	0	0	0	0	0	0	0	0	0	0	0	0	0	0	0	0	3	0	0	0	0	0	0	0	0	0	0	0	0	0	0	0	0	0	0	0	0	0	0	0	0	0	0	0	0	3	0	0	0	0	0	0	0	0	0	0	0	0	0
Firmicutes_Bacilli_Bacillales	0	30	124	125	119	9	12	33	7	470	67	1	17	13	4	15	2	56	17	21	12	3	268	0	8	1	119	5	4	144	37	74	10	117	265	0	20	5	4	110	8	1	1	7	106	19	408	767	3	4	5	1	38	4	182	3	21	4	8	11	8	5	12	148	0	12	12	0	14	9	431	3	14	13	41	49	992	1245	5	2	4	23	4	2	1	28	0	822	0	1
Firmicutes_Bacilli_Lactobacillales	172	689	73	5441	313	321	98	2530	326	316	187	93	1234	204	85	161	133	22	121	288	20	1134	196	48	127	24	510	145	96	302	80	105	1172	270	158	3	4	842	27	98	2273	24	44	63	640	261	525	2832	579	142	7	764	236	88	67	13	100	702	351	245	13	2005	102	993	125	50	458	74	684	13	219	364	70	3547	704	69	695	1112	113	258	64	147	199	150	121	852	56	742	33	106
Firmicutes_Bacilli_unassigned	0	0	0	0	0	0	0	0	0	0	0	0	0	0	0	0	0	0	0	0	0	0	1	0	0	0	0	0	0	0	0	0	0	1	0	0	0	0	0	0	0	0	0	0	0	0	0	1	0	0	0	0	0	0	0	0	0	0	0	0	0	0	0	0	0	0	0	0	0	0	1	0	0	0	0	0	1	4	0	0	0	0	0	0	0	0	0	3	0	0
Firmicutes_Clostridia_Clostridiales	18459	16008	10838	13357	12436	11868	14328	8208	17131	19632	8709	11378	5774	16466	15411	12139	8995	11396	9383	14596	12129	20383	12582	16187	20698	7876	18869	15073	16732	11305	12307	9720	14530	11543	16776	9176	9930	16987	11916	10503	2150	12506	4742	9309	11685	16361	16704	10772	10213	13846	9799	19836	10500	18083	18417	8470	7913	4745	14039	10038	10080	9715	12930	20304	6625	9530	17480	6960	7877	9145	11839	13537	17726	11238	20151	10847	16072	15712	10088	18209	15196	17875	9721	18374	18888	16199	6874	19677	6760	7357
Firmicutes_Clostridia_Natranaerobiales	0	0	0	0	0	0	0	0	0	0	1	0	0	0	0	0	0	0	0	0	0	0	0	0	0	0	0	0	0	0	0	0	0	0	0	0	0	0	0	1	0	0	0	0	2	0	0	0	0	0	0	0	0	0	3	0	0	0	0	0	0	0	0	0	0	0	0	0	1	1	0	0	0	0	0	0	0	0	0	0	3	0	0	0	0	2	0	0	0	0
Firmicutes_Clostridia_Thermoanaerobacterales	0	0	0	0	1	0	0	0	0	0	0	0	0	0	0	0	0	4	1	0	0	0	0	0	0	0	0	0	0	0	0	0	0	0	0	0	2	0	0	0	0	0	1	0	0	0	0	0	0	0	0	0	0	0	0	0	0	0	0	0	0	0	0	0	0	0	0	0	0	0	0	0	0	0	0	13	0	0	0	0	0	0	0	0	0	0	0	0	0	0
Firmicutes_Clostridia_unassigned	0	0	4	0	0	0	0	0	0	0	2	0	0	0	1	0	0	181	11	0	12	0	0	0	0	2	0	0	0	26	3	0	0	4	0	1	1	0	0	6	0	7	0	1	3	0	1	0	0	0	0	0	1	0	118	0	3	0	0	0	19	0	0	0	0	17	12	0	38	7	6	0	0	1	1	37	4	1	0	0	191	25	1	0	0	4	0	0	1	0
Firmicutes_Erysipelotrichia_Erysipelotrichales	224	344	169	185	295	574	571	512	114	293	280	49	103	442	309	1688	181	417	400	257	197	137	37	140	151	232	440	31	371	139	77	199	82	164	284	45	200	135	272	177	160	31	103	186	91	100	98	287	1259	230	26	86	334	553	367	31	165	37	924	52	300	193	161	622	118	172	812	178	386	418	140	291	564	2266	116	684	121	445	138	265	60	1332	346	843	1094	462	414	311	45	57
Firmicutes_Incertae_sedis_Incertae_sedis	0	1	26	0	45	1	0	0	1	0	5	0	0	24	2	0	1	12	16	0	15	0	1	1	0	6	0	1	6	18	0	3	0	12	0	0	11	0	4	20	3	0	8	0	12	0	4	0	0	0	0	0	1	0	8	3	0	0	0	4	0	2	0	0	0	0	1	0	8	9	1	0	0	0	2	15	6	0	0	1	22	1	0	0	0	37	0	0	0	0
Firmicutes_Negativicutes_Selenomonadales	1487	478	797	314	10	2434	75	474	2765	36	42	29	84	108	88	2071	493	2051	276	1020	2888	522	413	328	192	1262	336	4334	1611	26	1057	1184	1484	993	1079	1432	400	1822	288	3396	8902	1397	1083	2104	130	41	1268	19	183	13	2299	1093	433	964	117	2192	490	3	1796	64	850	584	390	561	1316	1254	113	246	740	740	1314	198	292	638	444	209	36	66	1712	119	740	85	759	693	208	2514	1373	48	3021	3379
Firmicutes_unassigned_unassigned	0	1	50	0	20	6	0	0	1	0	18	0	0	97	63	1	98	119	171	166	41	0	0	1	0	47	0	0	39	182	23	1	62	172	110	40	139	0	0	2	0	0	15	0	145	0	22	1	3	0	1	0	96	134	34	0	45	0	0	11	55	0	9	148	0	1	120	0	9	56	101	166	3	5	53	151	117	0	0	236	145	93	54	93	19	35	1	0	0	47
Fusobacteria_Fusobacteria_Fusobacteriales	0	0	0	0	0	2	0	29	0	1	0	0	0	0	0	0	0	0	0	3	0	0	0	4	0	0	0	4	3	3	6	10	4	7	2	402	40	0	0	59	8953	2	503	3	9	1	3	62	0	1	0	0	1	16	6	1	2	14060	13	23	0	0	2	0	2	1	2	0	0	0	0	0	44	2	0	0	0	7	1	1	0	0	0	0	0	0	381	1	0	0
Lentisphaerae_Lentisphaeria_Victivallales	0	0	0	0	0	0	0	0	0	0	0	0	0	0	0	0	0	0	0	0	3	0	0	0	0	0	0	0	0	0	0	0	0	0	0	0	0	0	0	0	0	0	0	0	0	0	0	0	0	0	0	0	0	0	0	0	0	0	0	0	0	0	0	0	0	0	0	0	0	0	0	3	0	0	0	0	0	0	0	0	0	0	0	0	0	0	0	0	0	0
Planctomycetes_Planctomycetacia_Planctomycetales	0	0	0	0	0	0	0	0	0	0	0	0	0	0	0	0	0	0	0	0	0	0	0	0	0	0	0	0	0	0	0	0	0	0	0	0	0	1	0	0	0	0	0	0	0	0	0	0	0	0	0	0	0	0	0	0	0	0	0	0	0	0	0	0	0	0	0	0	0	0	0	0	0	0	0	0	0	0	0	0	0	0	0	0	0	0	0	0	0	0
Proteobacteria_Alphaproteobacteria_Kiloniellales	0	0	0	0	0	0	0	0	0	0	0	0	0	6	0	0	0	0	11	0	14	0	0	0	0	0	0	0	0	3	0	0	0	0	0	0	0	0	14	0	0	0	0	0	0	0	0	0	0	0	0	0	0	0	0	0	0	0	0	0	0	0	0	2	0	0	0	0	0	0	0	10	0	0	0	14	77	0	0	153	0	5	35	63	0	0	0	0	594	0
Proteobacteria_Alphaproteobacteria_Rhizobiales	18	520	6	1	1013	17	81	34	0	6	92	1	81	125	89	209	29	1031	177	0	494	14	99	188	394	77	0	405	60	24	522	306	3	58	83	42	102	313	153	115	0	319	23	204	1	2	436	0	1	1	46	1	128	108	221	0	235	0	493	21	208	14	373	1	44	233	252	2	4	48	65	65	413	434	276	64	404	17	0	334	245	313	199	429	467	1	0	27	1269	131
Proteobacteria_Alphaproteobacteria_Rhodobacterales	0	6	3	0	5	0	0	0	0	47	0	0	0	0	0	0	0	3	0	0	0	0	25	0	0	0	5	0	0	0	0	2	0	10	16	0	0	0	0	2	0	0	0	0	12	0	0	64	0	0	0	0	2	0	0	0	3	0	1	0	0	0	0	15	0	0	0	0	1	0	39	0	0	0	0	0	81	131	0	0	0	0	0	0	0	0	0	79	0	0
Proteobacteria_Alphaproteobacteria_Rhodospirillales	0	0	0	0	0	0	0	0	0	0	0	0	0	0	0	0	0	0	0	0	0	0	0	0	0	0	0	0	0	0	0	0	0	0	0	0	0	0	0	0	0	0	0	0	0	0	0	0	0	0	0	0	0	0	0	0	0	0	0	0	0	0	0	0	0	0	0	0	0	0	0	1	0	0	0	0	0	0	0	0	0	0	0	0	0	0	0	0	0	0
Proteobacteria_Alphaproteobacteria_Sphingomonadales	0	0	0	0	0	0	0	0	0	0	0	0	0	0	0	0	1	0	0	0	0	0	0	0	0	0	0	0	0	0	0	0	0	0	0	0	0	0	0	0	0	0	0	0	0	0	0	0	0	0	0	0	0	0	0	0	0	0	4	0	0	0	0	0	0	0	0	0	1	0	0	0	0	0	0	0	0	0	0	0	0	0	0	0	0	0	0	0	0	0
Proteobacteria_Alphaproteobacteria_unassigned	0	0	0	0	0	0	0	0	0	0	0	0	0	0	0	0	0	3	0	0	0	0	0	0	0	15	0	0	0	4	0	0	0	2	0	0	0	0	0	0	0	0	0	0	9	6	0	0	0	4	0	0	0	0	0	0	0	0	0	0	0	0	0	0	0	0	0	0	0	0	0	0	0	0	0	0	0	2	0	0	0	0	0	0	0	0	0	0	0	0
Proteobacteria_Betaproteobacteria_Burkholderiales	25	0	9	3	5	0	4	1	0	18	14	0	9	10	9	2	3	13	4	3	8	42	2	1	2	17	4	0	0	123	80	5	2	62	30	131	3	0	131	12	591	272	0	359	4	6	8	151	2	217	3	28	71	7	25	97	15	0	7	10	182	1	0	33	757	3	20	29	35	74	35	174	35	68	61	7	17	2	27	5	311	0	266	9	48	0	0	1	261	269
Proteobacteria_Betaproteobacteria_Neisseriales	0	0	7	4	10	0	2	0	0	125	0	2	0	0	2	0	0	2	0	0	0	0	51	0	0	0	54	0	0	0	1	6	2	36	53	0	0	0	0	12	0	0	0	3	20	2	0	195	1	0	0	0	14	0	0	0	5	0	0	0	1	0	0	46	1	0	0	1	1	0	125	0	0	1	0	0	263	425	1	0	0	0	2	2	0	3	0	230	0	0
Proteobacteria_Deltaproteobacteria_Bdellovibrionales	0	4	20	3	2	0	0	0	0	0	1	0	0	1	0	0	0	2	3	0	0	1	0	0	1	0	0	0	0	19	0	0	0	0	0	0	8	1	6	0	0	154	0	0	0	1	2	0	0	0	0	0	0	0	0	0	0	0	0	0	0	2	0	3	0	0	0	0	0	22	2	3	0	0	2	0	8	13	0	0	12	0	1	0	0	0	0	0	0	0
Proteobacteria_Deltaproteobacteria_Desulfobacterales	0	0	0	0	0	0	0	1	0	0	0	0	0	0	0	0	0	0	0	0	0	0	0	0	0	0	0	0	0	0	0	0	0	0	0	0	0	0	0	0	0	0	0	0	0	0	0	0	0	0	0	0	0	0	0	0	0	0	0	0	0	0	0	0	0	0	0	0	0	0	0	0	0	0	0	0	0	0	0	0	0	0	0	0	0	0	0	0	0	0
Proteobacteria_Deltaproteobacteria_Desulfovibrionales	0	6	149	0	77	74	0	0	43	621	6	0	0	41	18	0	1	59	467	24	131	7	0	92	7	288	22	0	26	147	0	0	0	41	405	388	219	0	76	30	79	129	119	135	5	68	26	1	0	74	0	0	113	8	50	214	10	54	222	0	62	1	0	0	19	7	4	0	101	55	216	23	199	3	1	108	7	0	1	2	44	45	387	5	0	305	159	0	56	110
Proteobacteria_Epsilonproteobacteria_Campylobacterales	0	0	1	0	0	0	0	2	0	3	0	0	0	0	0	1	0	0	0	0	0	0	0	0	0	0	0	0	0	0	1	5	0	0	1	0	0	0	0	0	4	0	136	0	0	0	0	0	0	0	0	1	0	0	0	0	0	0	0	0	0	0	0	2	1	0	0	0	3	1	4	1	0	1	0	0	3	6	0	1	0	0	0	0	0	0	0	8	0	2
Proteobacteria_Gammaproteobacteria_Aeromonadales	0	0	0	0	0	0	0	0	0	0	0	0	0	0	0	0	0	0	115	0	0	0	0	0	0	0	0	0	0	0	0	0	0	0	0	0	0	0	0	0	0	0	0	0	0	0	0	0	0	0	0	0	0	0	0	0	0	0	0	0	0	0	0	0	0	0	0	0	0	0	0	0	0	0	0	0	0	0	0	0	0	0	0	0	0	0	0	0	0	0
Proteobacteria_Gammaproteobacteria_Cardiobacteriales	0	2	0	0	0	0	0	0	0	0	0	0	0	0	0	0	0	0	0	0	0	0	0	0	0	0	0	0	0	0	0	0	0	0	0	0	0	0	0	0	0	0	0	0	0	0	0	0	0	0	0	0	0	0	0	0	0	0	0	0	0	0	0	0	0	0	0	0	0	0	0	0	0	0	0	0	0	0	0	0	0	0	0	0	0	0	0	0	0	0
Proteobacteria_Gammaproteobacteria_Enterobacteriales	204	446	3325	789	739	300	6738	4364	269	129	31	9	150	26	37	344	35	130	101	243	7	69	148	48	48	522	64	70	83	45	153	1903	46	105	85	1073	6	3251	5	6723	30	6	61	66	79	2583	53	4726	9713	877	3	70	9	70	50	30	631	3499	760	149	40	1948	0	43	4	401	132	425	47	7	75	3	88	1188	36	67	301	279	188	24	42	6	26	1048	84	53	1709	143	88	1554
Proteobacteria_Gammaproteobacteria_Oceanospirillales	0	0	0	0	0	0	0	0	0	0	0	0	0	0	0	0	0	0	0	0	0	0	0	0	0	0	0	0	0	0	0	0	0	0	0	0	0	0	0	0	0	0	0	0	0	0	0	0	0	0	0	2	0	0	0	0	0	0	0	0	0	0	0	0	0	0	0	0	0	0	0	0	0	0	0	0	0	0	0	0	0	0	0	0	0	0	0	0	0	0
Proteobacteria_Gammaproteobacteria_Pasteurellales	11	31	0	2081	0	1061	245	4426	1	1	0	0	2	1	2	2	113	7	0	56	0	0	0	2	67	53	0	74	0	1	16	0	0	65	13	0	21	0	1	0	0	8	0	0	352	0	19	2	0	0	1	4	3	2	2	0	3	0	0	0	32	56	25	0	10	0	241	1	0	0	111	0	1	34	106	0	21	0	0	3	0	0	607	114	2	1	1	0	0	1
Proteobacteria_Gammaproteobacteria_Pseudomonadales	11	6	12	40	21	8	23	6	2	141	4	2	34	2	2	10	580	9	0	3	0	5	74	8	3	1	56	4	13	8	2	15	8	27	101	0	15	2	2	19	5	2	0	6	24	4	14	262	17	10	0	8	14	6	3	0	7	4	6	16	1	4	0	71	0	2	8	6	4	0	186	0	28	5	6	0	367	518	1	3	2	1	7	3	4	9	3	266	1	4
Proteobacteria_Gammaproteobacteria_Xanthomonadales	0	0	0	0	0	0	0	0	0	0	0	0	0	0	0	0	0	0	0	0	0	0	0	0	1	0	0	0	0	0	0	0	0	0	0	0	0	0	0	0	0	0	0	0	0	0	0	0	0	0	0	1	0	0	0	0	0	0	0	0	0	0	0	0	0	0	0	0	0	0	0	0	0	0	0	0	0	0	0	0	0	0	0	0	0	0	0	0	0	0
Proteobacteria_Gammaproteobacteria_unassigned	0	0	0	0	0	0	0	0	0	0	0	0	0	0	0	0	0	0	0	0	0	0	0	0	0	0	0	0	0	0	0	0	0	0	1	0	0	0	0	0	0	0	0	0	2	0	0	0	0	0	0	0	0	0	0	0	0	0	0	0	0	0	0	0	0	0	0	1	0	0	1	0	0	0	0	0	0	3	0	0	0	0	0	0	0	0	0	2	0	0
Proteobacteria_unassigned_unassigned	0	3	0	0	0	0	3	0	0	0	0	0	0	0	0	0	8	0	0	0	0	0	0	1	0	0	0	0	0	0	0	0	0	0	0	0	0	0	0	0	0	0	0	0	0	0	0	0	4	0	0	0	0	0	2	0	0	0	0	0	0	0	0	0	0	0	0	0	0	0	1	0	0	0	0	0	0	0	0	0	0	0	0	0	7	0	0	0	0	0
Synergistetes_Synergistia_Synergistales	0	0	100	0	2	0	0	0	0	0	0	0	0	0	0	0	0	24	8	0	6	0	0	0	0	1	0	1	0	44	0	0	0	1	0	0	214	0	2	0	1	0	0	0	1	0	0	0	0	0	0	0	1	0	11	0	66	0	0	2	0	0	0	0	0	0	0	0	0	1	0	0	1	3	0	62	0	0	0	0	0	8	0	0	0	2	0	0	0	0
TM7_Incertae_sedis_Incertae_sedis	0	0	0	0	0	0	0	5	0	0	0	2	0	0	0	1	0	0	0	1	1	0	1	0	0	0	2	0	0	0	0	0	0	0	0	0	0	0	0	0	0	0	0	1	0	0	0	0	0	0	1	1	0	0	0	0	0	0	0	0	0	1	0	1	0	0	1	0	0	1	0	0	0	0	0	0	0	0	0	0	0	0	1	0	0	1	0	0	0	0
Tenericutes_Mollicutes_Anaeroplasmatales	0	0	0	0	0	0	0	0	0	0	0	1	0	0	0	0	0	0	0	0	0	0	0	0	0	0	0	0	0	2	0	0	0	0	0	0	0	0	0	0	0	0	0	0	0	0	0	0	0	0	0	1	0	0	0	0	0	0	0	0	0	0	0	2	0	0	0	0	0	0	0	0	5	0	0	0	0	0	0	0	0	0	0	0	0	0	0	0	0	0
Tenericutes_Mollicutes_Entomoplasmatales	0	428	12	0	77	18	0	52	0	0	0	0	1	1	581	1	70	24	106	0	897	0	0	0	0	46	0	0	1	1	0	0	0	219	0	32	0	0	0	0	0	2	1	0	1	3	77	1	0	0	195	1	0	0	90	0	221	1	0	0	0	0	0	0	0	0	1523	0	57	73	35	0	0	0	195	105	66	0	0	0	161	131	0	1	7	9	0	0	0	0
Verrucomicrobia_Opitutae_Puniceicoccales	0	0	0	0	0	0	0	0	0	0	0	0	0	0	0	0	0	1	0	0	0	0	0	0	0	0	0	0	0	0	0	0	0	0	0	0	0	0	0	0	0	0	0	0	0	0	0	0	0	0	0	0	0	0	0	0	0	0	0	0	0	0	0	0	0	0	0	0	0	0	0	0	0	0	0	0	0	0	0	0	0	0	0	0	0	0	0	0	0	0
Verrucomicrobia_Verrucomicrobiae_Verrucomicrobiales	60	1251	356	7	701	199	6	2513	502	5	6363	2929	16	2918	83	18	4063	2822	1286	2805	603	4	3	5	970	276	3764	11	526	1013	1231	4	1328	663	3	11	2516	39	1297	46	5	23	1476	5847	0	18	18	5	76	3139	8101	257	26	718	2	113	2985	33	65	3	545	2	4181	2	1	2334	4	4	1299	357	4	2036	4	153	1378	5513	116	3	2	706	2440	1067	302	0	321	3	4	3	2309	1
unassigned_unassigned_unassigned	184	21	1790	1	265	1191	1252	253	31	11	1686	3	45	1579	420	613	29	647	234	52	168	13	146	344	12	105	4	721	441	206	561	8	822	554	547	231	237	94	419	94	5	234	56	43	1563	0	77	4	3	886	25	9	936	140	74	6	211	2	329	52	46	6	94	3	90	151	407	5	119	227	623	266	130	28	205	1333	43	268	426	185	828	219	90	60	345	257	1	13	75	400
